2020-10-09, 12:58:03, 436000000, 436050000, 6250.00, 1064, -21.02, -19.77, -20.18, -20.56, -18.38, -18.38, -19.21, -18.80, -18.80, 4124.21075, 00211.34229, 8.8, 1
2020-10-09, 12:58:04, 436000000, 436050000, 6250.00, 313880, -13.93, -13.87, -13.75, -13.82, -13.71, -13.71, -13.86, -13.89, -13.89, 4124.21075, 00211.34229, 8.8, 1
2020-10-09, 12:58:05, 436000000, 436050000, 6250.00, 330904, -12.26, -12.31, -12.19, -12.11, -12.04, -12.04, -12.18, -12.21, -12.21, 4124.21075, 00211.34229, 8.8, 1
2020-10-09, 12:58:06, 436000000, 436050000, 6250.00, 327712, -12.19, -12.23, -12.15, -12.07, -12.03, -12.03, -12.10, -12.28, -12.28, 4124.21075, 00211.34229, 8.8, 1
2020-10-09, 12:58:07, 436000000, 436050000, 6250.00, 330904, -12.33, -12.17, -12.14, -12.03, -12.01, -12.01, -12.10, -12.22, -12.22, 4124.21075, 00211.34229, 8.8, 1
2020-10-09, 12:58:08, 436000000, 436050000, 6250.00, 322392, -12.36, -12.37, -12.28, -12.16, -12.16, -12.16, -12.27, -12.32, -12.32, 4124.21075, 00211.34229, 8.8, 1
2020-10-09, 12:58:09, 436000000, 436050000, 6250.00, 326648, -12.30, -12.32, -12.20, -12.23, -12.13, -12.13, -12.22, -12.30, -12.30, 4124.21075, 00211.34229, 8.8, 1
2020-10-09, 12:58:10, 436000000, 436050000, 6250.00, 329840, -12.22, -12.18, -12.12, -12.02, -11.99, -11.99, -12.12, -12.22, -12.22, 4124.21009, 00211.34319, 8.9, 1
2020-10-09, 12:58:11, 436000000, 436050000, 6250.00, 330904, -12.22, -12.23, -12.22, -12.05, -12.09, -12.09, -12.22, -12.24, -12.24, 4124.21009, 00211.34318, 8.9, 1
2020-10-09, 12:58:12, 436000000, 436050000, 6250.00, 335160, -12.60, -12.64, -12.45, -12.33, -12.35, -12.35, -12.52, -12.50, -12.50, 4124.21009, 00211.34318, 8.9, 1
2020-10-09, 12:58:13, 436000000, 436050000, 6250.00, 324520, -12.39, -12.51, -12.41, -12.33, -12.27, -12.27, -12.43, -12.51, -12.51, 4124.21009, 00211.34318, 8.9, 1
2020-10-09, 12:58:14, 436000000, 436050000, 6250.00, 325584, -12.40, -12.38, -12.29, -12.12, -12.16, -12.16, -12.27, -12.39, -12.39, 4124.20971, 00211.34370, 8.8, 1
2020-10-09, 12:58:15, 436000000, 436050000, 6250.00, 324520, -12.32, -12.33, -12.14, -12.03, -12.14, -12.14, -12.29, -12.33, -12.33, 4124.20971, 00211.34370, 8.8, 1
2020-10-09, 12:58:16, 436000000, 436050000, 6250.00, 324520, -12.49, -12.46, -12.41, -12.39, -12.28, -12.28, -12.39, -12.48, -12.48, 4124.20971, 00211.34370, 8.8, 1
2020-10-09, 12:58:17, 436000000, 436050000, 6250.00, 330904, -12.20, -12.16, -12.17, -12.02, -11.98, -11.98, -12.09, -12.20, -12.20, 4124.20971, 00211.34370, 8.8, 1
2020-10-09, 12:58:18, 436000000, 436050000, 6250.00, 326648, -12.18, -12.17, -12.02, -12.00, -11.95, -11.95, -12.00, -12.12, -12.12, 4124.20971, 00211.34370, 8.8, 1
2020-10-09, 12:58:19, 436000000, 436050000, 6250.00, 327712, -12.21, -12.25, -12.08, -12.03, -11.92, -11.92, -12.06, -12.16, -12.16, 4124.20971, 00211.34370, 8.8, 1
2020-10-09, 12:58:20, 436000000, 436050000, 6250.00, 329840, -12.07, -12.05, -12.08, -11.95, -11.95, -11.95, -12.02, -12.10, -12.10, 4124.20971, 00211.34370, 8.8, 1
2020-10-09, 12:58:21, 436000000, 436050000, 6250.00, 328776, -12.19, -12.22, -12.00, -12.01, -11.91, -11.91, -12.03, -12.13, -12.13, 4124.20971, 00211.34370, 8.8, 1
2020-10-09, 12:58:22, 436000000, 436050000, 6250.00, 326648, -12.41, -12.41, -12.36, -12.38, -12.22, -12.22, -12.39, -12.36, -12.36, 4124.20971, 00211.34370, 8.8, 1
2020-10-09, 12:58:23, 436000000, 436050000, 6250.00, 329840, -12.59, -12.49, -12.45, -12.46, -12.38, -12.38, -12.42, -12.52, -12.52, 4124.20971, 00211.34370, 8.8, 1
2020-10-09, 12:58:24, 436000000, 436050000, 6250.00, 333032, -12.32, -12.27, -12.18, -12.09, -12.04, -12.04, -12.16, -12.27, -12.27, 4124.20971, 00211.34370, 8.8, 1
2020-10-09, 12:58:25, 436000000, 436050000, 6250.00, 329840, -12.43, -12.31, -12.32, -12.13, -12.08, -12.08, -12.24, -12.37, -12.37, 4124.20971, 00211.34370, 8.8, 1
2020-10-09, 12:58:26, 436000000, 436050000, 6250.00, 328776, -12.24, -12.10, -12.08, -12.09, -11.95, -11.95, -12.06, -12.15, -12.15, 4124.20971, 00211.34370, 8.8, 1
2020-10-09, 12:58:27, 436000000, 436050000, 6250.00, 328776, -12.42, -12.33, -12.25, -12.17, -12.07, -12.07, -12.23, -12.31, -12.31, 4124.20971, 00211.34370, 8.8, 1
2020-10-09, 12:58:28, 436000000, 436050000, 6250.00, 328776, -12.42, -12.39, -12.23, -12.16, -12.18, -12.18, -12.31, -12.34, -12.34, 4124.20971, 00211.34370, 9.0, 1
2020-10-09, 12:58:29, 436000000, 436050000, 6250.00, 335160, -12.51, -12.52, -12.41, -12.38, -12.35, -12.35, -12.43, -12.48, -12.48, 4124.20971, 00211.34370, 9.0, 1
2020-10-09, 12:58:30, 436000000, 436050000, 6250.00, 325584, -12.35, -12.38, -12.34, -12.15, -12.10, -12.10, -12.33, -12.36, -12.36, 4124.20972, 00211.34369, 8.9, 1
2020-10-09, 12:58:31, 436000000, 436050000, 6250.00, 325584, -12.72, -12.73, -12.69, -12.49, -12.54, -12.54, -12.65, -12.77, -12.77, 4124.20972, 00211.34369, 8.9, 1
2020-10-09, 12:58:32, 436000000, 436050000, 6250.00, 322392, -15.15, -15.33, -15.17, -15.42, -15.31, -15.31, -15.48, -15.31, -15.31, 4124.20972, 00211.34369, 8.9, 1
2020-10-09, 12:58:33, 436000000, 436050000, 6250.00, 325584, -15.93, -16.08, -16.01, -15.98, -15.89, -15.89, -15.97, -16.10, -16.10, 4124.20972, 00211.34369, 8.9, 1
2020-10-09, 12:58:34, 436000000, 436050000, 6250.00, 325584, -9.85, -10.87, -12.54, -13.25, -13.39, -13.39, -13.15, -10.91, -10.91, 4124.20993, 00211.34340, 9.0, 1
2020-10-09, 12:58:35, 436000000, 436050000, 6250.00, 330904, -3.21, -5.16, -9.67, -12.41, -13.51, -13.51, -12.04, -5.23, -5.23, 4124.21042, 00211.34274, 9.1, 1
2020-10-09, 12:58:36, 436000000, 436050000, 6250.00, 327712, -3.31, -5.20, -10.82, -13.13, -14.02, -14.02, -12.28, -5.31, -5.31, 4124.21079, 00211.34223, 8.7, 1
2020-10-09, 12:58:37, 436000000, 436050000, 6250.00, 333032, -12.28, -13.38, -14.99, -15.56, -15.55, -15.55, -15.33, -13.32, -13.32, 4124.21169, 00211.34101, 9.1, 1
2020-10-09, 12:58:38, 436000000, 436050000, 6250.00, 323456, -12.75, -13.63, -14.46, -15.16, -15.33, -15.33, -15.23, -13.79, -13.79, 4124.21319, 00211.33896, 9.1, 1
2020-10-09, 12:58:39, 436000000, 436050000, 6250.00, 320264, -15.33, -15.22, -15.40, -15.77, -15.87, -15.87, -15.74, -15.59, -15.59, 4124.21438, 00211.33735, 9.6, 1
2020-10-09, 12:58:40, 436000000, 436050000, 6250.00, 327712, -13.78, -13.89, -13.96, -14.07, -13.93, -13.93, -13.96, -13.75, -13.75, 4124.21536, 00211.33601, 9.5, 1
2020-10-09, 12:58:41, 436000000, 436050000, 6250.00, 331968, -12.98, -13.17, -13.66, -13.62, -13.59, -13.59, -13.66, -13.31, -13.31, 4124.21590, 00211.33527, 9.4, 1
2020-10-09, 12:58:42, 436000000, 436050000, 6250.00, 326648, -12.83, -12.94, -13.05, -13.19, -13.16, -13.16, -13.22, -13.03, -13.03, 4124.21646, 00211.33450, 9.1, 1
2020-10-09, 12:58:43, 436000000, 436050000, 6250.00, 322392, -14.75, -14.68, -14.67, -14.70, -14.66, -14.66, -14.73, -14.70, -14.70, 4124.21711, 00211.33505, 8.7, 1
2020-10-09, 12:58:44, 436000000, 436050000, 6250.00, 331968, -14.71, -14.81, -14.79, -14.84, -14.66, -14.66, -14.80, -14.85, -14.85, 4124.22270, 00211.34265, 8.5, 1
2020-10-09, 12:58:45, 436000000, 436050000, 6250.00, 330904, -16.97, -17.22, -17.43, -17.33, -17.13, -17.13, -16.98, -16.97, -16.97, 4124.22319, 00211.34324, 9.0, 1
2020-10-09, 12:58:46, 436000000, 436050000, 6250.00, 328776, -17.45, -17.62, -17.87, -18.00, -17.78, -17.78, -17.51, -17.48, -17.48, 4124.22320, 00211.34368, 9.2, 1
2020-10-09, 12:58:47, 436000000, 436050000, 6250.00, 333032, -16.70, -16.83, -17.01, -16.97, -16.80, -16.80, -16.64, -16.75, -16.75, 4124.22318, 00211.34347, 9.1, 1
2020-10-09, 12:58:48, 436000000, 436050000, 6250.00, 337288, -18.26, -18.48, -18.64, -18.58, -18.47, -18.47, -18.31, -18.19, -18.19, 4124.22298, 00211.34342, 9.1, 1
2020-10-09, 12:58:49, 436000000, 436050000, 6250.00, 330904, -16.70, -16.98, -17.00, -17.27, -16.99, -16.99, -16.83, -16.74, -16.74, 4124.22305, 00211.34345, 9.1, 1
2020-10-09, 12:58:50, 436000000, 436050000, 6250.00, 328776, -14.62, -14.76, -14.77, -14.77, -14.64, -14.64, -14.69, -14.58, -14.58, 4124.22293, 00211.34371, 9.1, 1
2020-10-09, 12:58:51, 436000000, 436050000, 6250.00, 333032, -15.89, -15.93, -15.85, -15.83, -15.85, -15.85, -15.77, -15.83, -15.83, 4124.22274, 00211.34392, 9.1, 1
2020-10-09, 12:58:52, 436000000, 436050000, 6250.00, 325584, -14.94, -15.01, -15.06, -15.09, -15.06, -15.06, -15.17, -15.05, -15.05, 4124.22269, 00211.34463, 9.0, 1
2020-10-09, 12:58:53, 436000000, 436050000, 6250.00, 336224, -12.93, -13.08, -13.16, -13.21, -13.24, -13.24, -13.24, -13.06, -13.06, 4124.22295, 00211.34476, 9.0, 1
2020-10-09, 12:58:54, 436000000, 436050000, 6250.00, 325584, -13.09, -13.47, -14.00, -14.05, -14.07, -14.07, -13.98, -13.40, -13.40, 4124.22343, 00211.34527, 9.1, 1
2020-10-09, 12:58:55, 436000000, 436050000, 6250.00, 331968, -14.16, -14.25, -14.13, -14.09, -14.06, -14.06, -14.09, -14.10, -14.10, 4124.22394, 00211.34681, 9.6, 1
2020-10-09, 12:58:56, 436000000, 436050000, 6250.00, 324520, -13.49, -13.71, -13.71, -13.77, -13.85, -13.85, -13.89, -13.73, -13.73, 4124.22471, 00211.34985, 9.1, 1
2020-10-09, 12:58:57, 436000000, 436050000, 6250.00, 326648, -8.88, -9.84, -11.40, -11.86, -11.83, -11.83, -11.66, -9.75, -9.75, 4124.22541, 00211.35262, 9.1, 1
2020-10-09, 12:58:58, 436000000, 436050000, 6250.00, 333032, -9.01, -9.87, -11.70, -11.98, -11.96, -11.96, -11.79, -9.98, -9.98, 4124.22631, 00211.35619, 9.1, 1
2020-10-09, 12:58:59, 436000000, 436050000, 6250.00, 330904, -11.36, -11.39, -11.62, -11.51, -11.56, -11.56, -11.66, -11.34, -11.34, 4124.22729, 00211.36004, 9.1, 1
2020-10-09, 12:59:00, 436000000, 436050000, 6250.00, 324520, -9.83, -10.31, -10.71, -11.01, -11.04, -11.04, -11.03, -10.36, -10.36, 4124.22866, 00211.36437, 9.0, 1
2020-10-09, 12:59:01, 436000000, 436050000, 6250.00, 336224, -10.04, -10.37, -10.84, -11.04, -11.12, -11.12, -11.14, -10.46, -10.46, 4124.22946, 00211.37000, 8.9, 1
2020-10-09, 12:59:02, 436000000, 436050000, 6250.00, 327712, -10.62, -11.13, -11.81, -11.78, -11.81, -11.81, -11.83, -11.05, -11.05, 4124.23035, 00211.37404, 8.9, 1
2020-10-09, 12:59:03, 436000000, 436050000, 6250.00, 323456, -12.76, -12.85, -12.85, -12.85, -12.76, -12.76, -12.89, -12.83, -12.83, 4124.23135, 00211.37811, 8.6, 1
2020-10-09, 12:59:04, 436000000, 436050000, 6250.00, 329840, -16.34, -16.43, -16.38, -16.21, -16.23, -16.23, -16.36, -16.34, -16.34, 4124.23265, 00211.38302, 8.4, 1
2020-10-09, 12:59:05, 436000000, 436050000, 6250.00, 333032, -3.07, -2.85, -3.08, -3.38, -2.94, -2.94, -3.23, -3.17, -3.17, 4124.23395, 00211.38803, 8.2, 1
2020-10-09, 12:59:06, 436000000, 436050000, 6250.00, 322392, -3.04, -2.83, -3.00, -3.20, -2.99, -2.99, -3.12, -3.18, -3.18, 4124.23506, 00211.39255, 8.1, 1
2020-10-09, 12:59:07, 436000000, 436050000, 6250.00, 331968, -2.51, -2.33, -2.51, -2.78, -2.29, -2.29, -2.77, -2.82, -2.82, 4124.23605, 00211.39645, 8.1, 1
2020-10-09, 12:59:08, 436000000, 436050000, 6250.00, 334096, -7.46, -7.98, -8.49, -8.65, -8.47, -8.47, -8.43, -8.26, -8.26, 4124.23656, 00211.39846, 8.1, 1
2020-10-09, 12:59:09, 436000000, 436050000, 6250.00, 329840, -9.24, -10.90, -13.74, -14.72, -14.87, -14.87, -14.52, -10.90, -10.90, 4124.23738, 00211.40159, 8.0, 1
2020-10-09, 12:59:10, 436000000, 436050000, 6250.00, 334096, -12.20, -12.48, -12.74, -12.94, -12.90, -12.90, -12.93, -12.59, -12.59, 4124.23790, 00211.40380, 8.2, 1
2020-10-09, 12:59:11, 436000000, 436050000, 6250.00, 334096, -12.03, -12.05, -11.90, -11.92, -11.79, -11.79, -11.94, -12.04, -12.04, 4124.23836, 00211.40576, 8.1, 1
2020-10-09, 12:59:12, 436000000, 436050000, 6250.00, 324520, -12.00, -12.01, -11.87, -11.85, -11.81, -11.81, -11.85, -12.04, -12.04, 4124.23842, 00211.40596, 8.1, 1
2020-10-09, 12:59:13, 436000000, 436050000, 6250.00, 330904, -11.93, -11.92, -11.86, -11.78, -11.74, -11.74, -11.84, -12.06, -12.06, 4124.23837, 00211.40573, 8.1, 1
2020-10-09, 12:59:14, 436000000, 436050000, 6250.00, 330904, -11.96, -12.01, -11.95, -11.90, -11.87, -11.87, -11.93, -12.06, -12.06, 4124.23849, 00211.40613, 8.4, 1
2020-10-09, 12:59:15, 436000000, 436050000, 6250.00, 328776, -11.99, -12.06, -11.81, -11.80, -11.81, -11.81, -11.85, -12.00, -12.00, 4124.23856, 00211.40653, 8.5, 1
2020-10-09, 12:59:16, 436000000, 436050000, 6250.00, 324520, -12.40, -12.37, -12.36, -12.37, -12.34, -12.34, -12.51, -12.47, -12.47, 4124.23867, 00211.40707, 8.3, 1
2020-10-09, 12:59:17, 436000000, 436050000, 6250.00, 330904, -13.77, -14.06, -14.08, -14.22, -14.36, -14.36, -14.17, -14.08, -14.08, 4124.23891, 00211.40787, 8.5, 1
2020-10-09, 12:59:18, 436000000, 436050000, 6250.00, 324520, -14.35, -14.61, -14.80, -14.83, -14.89, -14.89, -14.97, -14.76, -14.76, 4124.23921, 00211.40955, 8.5, 1
2020-10-09, 12:59:19, 436000000, 436050000, 6250.00, 329840, -15.47, -15.53, -15.56, -15.59, -15.63, -15.63, -15.79, -15.69, -15.69, 4124.23953, 00211.41063, 9.1, 1
2020-10-09, 12:59:20, 436000000, 436050000, 6250.00, 327712, -14.03, -15.01, -16.01, -16.23, -16.21, -16.21, -16.10, -14.97, -14.97, 4124.24039, 00211.41393, 9.2, 1
2020-10-09, 12:59:21, 436000000, 436050000, 6250.00, 329840, -4.07, -4.17, -4.14, -4.26, -4.18, -4.18, -4.19, -4.25, -4.25, 4124.24144, 00211.41762, 9.9, 1
2020-10-09, 12:59:22, 436000000, 436050000, 6250.00, 336224, -2.58, -2.42, -2.47, -2.70, -2.38, -2.38, -2.59, -2.56, -2.56, 4124.24309, 00211.42409, 8.3, 1
2020-10-09, 12:59:23, 436000000, 436050000, 6250.00, 337288, -2.49, -2.42, -2.56, -2.72, -2.35, -2.35, -2.60, -2.68, -2.68, 4124.24478, 00211.43128, 9.5, 1
2020-10-09, 12:59:24, 436000000, 436050000, 6250.00, 328776, -3.63, -3.52, -3.60, -3.84, -3.53, -3.53, -3.59, -3.73, -3.73, 4124.24656, 00211.43806, 11.3, 1
2020-10-09, 12:59:25, 436000000, 436050000, 6250.00, 329840, -12.22, -13.84, -17.61, -18.87, -18.42, -18.42, -17.99, -14.05, -14.05, 4124.24805, 00211.44440, 9.1, 1
2020-10-09, 12:59:26, 436000000, 436050000, 6250.00, 329840, -4.48, -4.57, -4.69, -4.84, -4.74, -4.74, -4.84, -4.62, -4.62, 4124.24905, 00211.45068, 8.3, 1
2020-10-09, 12:59:27, 436000000, 436050000, 6250.00, 330904, -2.52, -2.49, -2.60, -2.69, -2.50, -2.50, -2.63, -2.59, -2.59, 4124.25047, 00211.45653, 9.0, 1
2020-10-09, 12:59:28, 436000000, 436050000, 6250.00, 330904, -3.28, -3.25, -3.21, -3.29, -3.25, -3.25, -3.32, -3.26, -3.26, 4124.25245, 00211.46299, 9.3, 1
2020-10-09, 12:59:29, 436000000, 436050000, 6250.00, 325584, -19.16, -19.55, -19.44, -19.52, -19.49, -19.49, -19.47, -19.28, -19.28, 4124.25426, 00211.46995, 8.9, 1
2020-10-09, 12:59:30, 436000000, 436050000, 6250.00, 327712, -16.54, -17.20, -17.10, -17.54, -17.73, -17.73, -17.73, -17.18, -17.18, 4124.25579, 00211.47652, 7.2, 1
2020-10-09, 12:59:31, 436000000, 436050000, 6250.00, 335160, -13.91, -15.46, -17.15, -18.12, -17.91, -17.91, -17.81, -15.44, -15.44, 4124.25741, 00211.48314, 7.2, 1
2020-10-09, 12:59:32, 436000000, 436050000, 6250.00, 330904, -13.75, -17.13, -17.14, -17.72, -17.61, -17.61, -17.73, -17.05, -17.05, 4124.25897, 00211.48943, 7.1, 1
2020-10-09, 12:59:33, 436000000, 436050000, 6250.00, 330904, -16.57, -18.54, -18.53, -18.94, -18.97, -18.97, -18.95, -18.61, -18.61, 4124.26035, 00211.49510, 6.8, 1
2020-10-09, 12:59:34, 436000000, 436050000, 6250.00, 326648, -19.02, -19.36, -18.99, -18.98, -19.45, -19.45, -19.53, -19.44, -19.44, 4124.26176, 00211.50067, 6.6, 1
2020-10-09, 12:59:35, 436000000, 436050000, 6250.00, 338352, -17.52, -18.02, -17.68, -17.93, -18.16, -18.16, -18.25, -18.01, -18.01, 4124.26325, 00211.50619, 7.0, 1
2020-10-09, 12:59:36, 436000000, 436050000, 6250.00, 336224, -17.92, -18.14, -18.06, -18.29, -18.17, -18.17, -18.39, -18.40, -18.40, 4124.26424, 00211.51014, 6.1, 1
2020-10-09, 12:59:37, 436000000, 436050000, 6250.00, 329840, -17.90, -18.32, -18.15, -18.26, -18.40, -18.40, -18.48, -18.41, -18.41, 4124.26513, 00211.51461, 5.2, 1
2020-10-09, 12:59:38, 436000000, 436050000, 6250.00, 331968, -18.23, -18.37, -18.09, -18.37, -18.29, -18.29, -18.49, -18.40, -18.40, 4124.26584, 00211.51780, 5.2, 1
2020-10-09, 12:59:39, 436000000, 436050000, 6250.00, 329840, -18.05, -18.40, -17.95, -18.43, -18.35, -18.35, -18.57, -18.37, -18.37, 4124.26633, 00211.51973, 6.0, 1
2020-10-09, 12:59:40, 436000000, 436050000, 6250.00, 326648, -18.23, -18.43, -18.29, -18.17, -18.35, -18.35, -18.55, -18.36, -18.36, 4124.26679, 00211.52134, 5.3, 1
2020-10-09, 12:59:41, 436000000, 436050000, 6250.00, 336224, -18.23, -18.55, -18.05, -18.21, -18.47, -18.47, -18.60, -18.49, -18.49, 4124.26711, 00211.52256, 5.2, 1
2020-10-09, 12:59:42, 436000000, 436050000, 6250.00, 327712, -18.37, -18.37, -18.16, -18.22, -18.47, -18.47, -18.58, -18.52, -18.52, 4124.26727, 00211.52314, 4.8, 1
2020-10-09, 12:59:43, 436000000, 436050000, 6250.00, 329840, -18.30, -18.51, -18.08, -18.17, -18.45, -18.45, -18.57, -18.46, -18.46, 4124.26729, 00211.52322, 5.2, 1
2020-10-09, 12:59:44, 436000000, 436050000, 6250.00, 330904, -18.39, -18.44, -18.07, -18.32, -18.42, -18.42, -18.60, -18.47, -18.47, 4124.26730, 00211.52334, 5.3, 1
2020-10-09, 12:59:45, 436000000, 436050000, 6250.00, 328776, -18.40, -18.60, -18.12, -18.27, -18.47, -18.47, -18.51, -18.71, -18.71, 4124.26727, 00211.52322, 5.5, 1
2020-10-09, 12:59:46, 436000000, 436050000, 6250.00, 328776, -18.37, -18.40, -18.07, -18.06, -18.51, -18.51, -18.50, -18.68, -18.68, 4124.26758, 00211.52445, 5.6, 1
2020-10-09, 12:59:47, 436000000, 436050000, 6250.00, 329840, -18.23, -18.43, -18.06, -18.16, -18.47, -18.47, -18.52, -18.48, -18.48, 4124.26770, 00211.52492, 5.6, 1
2020-10-09, 12:59:48, 436000000, 436050000, 6250.00, 333032, -18.28, -18.49, -18.33, -18.40, -18.38, -18.38, -18.54, -18.51, -18.51, 4124.26798, 00211.52596, 5.6, 1
2020-10-09, 12:59:49, 436000000, 436050000, 6250.00, 338352, -18.33, -18.51, -18.44, -18.34, -18.54, -18.54, -18.53, -18.52, -18.52, 4124.26804, 00211.52617, 5.6, 1
2020-10-09, 12:59:50, 436000000, 436050000, 6250.00, 333032, -18.35, -18.55, -18.39, -18.48, -18.44, -18.44, -18.66, -18.59, -18.59, 4124.26876, 00211.52891, 5.7, 1
2020-10-09, 12:59:51, 436000000, 436050000, 6250.00, 335160, -18.42, -18.43, -18.38, -18.46, -18.43, -18.43, -18.62, -18.46, -18.46, 4124.26915, 00211.53057, 5.6, 1
2020-10-09, 12:59:52, 436000000, 436050000, 6250.00, 327712, -18.26, -18.56, -18.45, -18.43, -18.43, -18.43, -18.56, -18.46, -18.46, 4124.26915, 00211.53057, 5.6, 1
2020-10-09, 12:59:53, 436000000, 436050000, 6250.00, 335160, -18.06, -18.35, -18.12, -18.32, -18.47, -18.47, -18.43, -18.34, -18.34, 4124.27020, 00211.53530, 5.5, 1
2020-10-09, 12:59:54, 436000000, 436050000, 6250.00, 331968, -18.20, -18.46, -18.27, -18.38, -18.35, -18.35, -18.21, -17.99, -17.99, 4124.27115, 00211.53914, 5.4, 1
2020-10-09, 12:59:55, 436000000, 436050000, 6250.00, 328776, -18.48, -18.74, -18.45, -18.61, -18.62, -18.62, -18.79, -18.81, -18.81, 4124.27248, 00211.54239, 5.4, 1
2020-10-09, 12:59:56, 436000000, 436050000, 6250.00, 330904, -18.36, -18.57, -18.28, -18.58, -18.64, -18.64, -18.74, -18.64, -18.64, 4124.27227, 00211.53789, 5.3, 1
2020-10-09, 12:59:57, 436000000, 436050000, 6250.00, 328776, -18.25, -18.48, -18.14, -18.35, -18.47, -18.47, -18.41, -18.38, -18.38, 4124.27290, 00211.54370, 5.8, 1
2020-10-09, 12:59:58, 436000000, 436050000, 6250.00, 330904, -5.53, -5.69, -5.47, -5.66, -5.63, -5.63, -5.52, -5.55, -5.55, 4124.27427, 00211.54908, 5.8, 1
2020-10-09, 12:59:59, 436000000, 436050000, 6250.00, 331968, -9.01, -8.81, -9.03, -8.99, -9.27, -9.27, -9.02, -9.24, -9.24, 4124.27553, 00211.55400, 5.6, 1
2020-10-09, 13:00:00, 436000000, 436050000, 6250.00, 326648, -18.69, -18.88, -18.84, -18.83, -18.71, -18.71, -18.85, -18.88, -18.88, 4124.27666, 00211.55845, 5.7, 1
2020-10-09, 13:00:01, 436000000, 436050000, 6250.00, 337288, -18.45, -18.69, -18.53, -18.58, -18.57, -18.57, -18.67, -18.78, -18.78, 4124.27786, 00211.56316, 5.6, 1
2020-10-09, 13:00:02, 436000000, 436050000, 6250.00, 333032, -17.46, -17.89, -17.82, -17.85, -17.77, -17.77, -17.86, -17.81, -17.81, 4124.27857, 00211.56748, 5.7, 1
2020-10-09, 13:00:03, 436000000, 436050000, 6250.00, 329840, -6.86, -7.00, -6.98, -7.23, -6.95, -6.95, -7.09, -7.09, -7.09, 4124.27954, 00211.57163, 5.6, 1
2020-10-09, 13:00:04, 436000000, 436050000, 6250.00, 320264, -6.68, -6.51, -6.70, -6.89, -6.67, -6.67, -6.77, -6.86, -6.86, 4124.28064, 00211.57620, 5.2, 1
2020-10-09, 13:00:05, 436000000, 436050000, 6250.00, 320264, -11.92, -12.31, -12.22, -12.37, -12.46, -12.46, -12.15, -12.03, -12.03, 4124.28186, 00211.58104, 5.0, 1
2020-10-09, 13:00:06, 436000000, 436050000, 6250.00, 328776, -2.63, -2.40, -2.56, -2.69, -2.32, -2.32, -2.47, -2.68, -2.68, 4124.28298, 00211.58543, 5.2, 1
2020-10-09, 13:00:07, 436000000, 436050000, 6250.00, 334096, -14.01, -14.18, -13.78, -14.06, -14.26, -14.26, -14.21, -14.05, -14.05, 4124.28404, 00211.58951, 4.7, 1
2020-10-09, 13:00:08, 436000000, 436050000, 6250.00, 326648, -18.00, -18.65, -17.88, -18.28, -18.09, -18.09, -18.47, -18.10, -18.10, 4124.28482, 00211.59256, 4.8, 1
2020-10-09, 13:00:09, 436000000, 436050000, 6250.00, 323456, -16.12, -16.61, -16.04, -16.44, -16.43, -16.43, -16.65, -16.19, -16.19, 4124.28535, 00211.59465, 4.5, 1
2020-10-09, 13:00:10, 436000000, 436050000, 6250.00, 330904, -16.26, -16.60, -16.17, -16.45, -16.44, -16.44, -16.62, -16.39, -16.39, 4124.28563, 00211.59569, 4.6, 1
2020-10-09, 13:00:11, 436000000, 436050000, 6250.00, 328776, -16.17, -16.70, -16.22, -16.43, -16.44, -16.44, -16.67, -16.23, -16.23, 4124.28583, 00211.59654, 4.3, 1
2020-10-09, 13:00:12, 436000000, 436050000, 6250.00, 331968, -15.96, -16.55, -16.05, -16.34, -16.21, -16.21, -16.61, -16.17, -16.17, 4124.28574, 00211.59617, 4.5, 1
2020-10-09, 13:00:13, 436000000, 436050000, 6250.00, 328776, -16.11, -16.66, -16.04, -16.40, -16.42, -16.42, -16.58, -16.22, -16.22, 4124.28577, 00211.59633, 4.5, 1
2020-10-09, 13:00:14, 436000000, 436050000, 6250.00, 323456, -16.03, -16.56, -16.01, -16.29, -16.31, -16.31, -16.55, -16.20, -16.20, 4124.28569, 00211.59604, 4.7, 1
2020-10-09, 13:00:15, 436000000, 436050000, 6250.00, 335160, -16.09, -16.55, -15.98, -16.33, -16.27, -16.27, -16.51, -16.12, -16.12, 4124.28563, 00211.59559, 4.6, 1
2020-10-09, 13:00:16, 436000000, 436050000, 6250.00, 333032, -16.03, -16.56, -15.98, -16.23, -16.30, -16.30, -16.62, -16.19, -16.19, 4124.28556, 00211.59478, 4.7, 1
2020-10-09, 13:00:17, 436000000, 436050000, 6250.00, 328776, -15.97, -16.62, -15.97, -16.24, -16.27, -16.27, -16.57, -16.25, -16.25, 4124.28572, 00211.59537, 4.7, 1
2020-10-09, 13:00:18, 436000000, 436050000, 6250.00, 330904, -15.98, -16.58, -15.97, -16.24, -16.16, -16.16, -16.42, -16.10, -16.10, 4124.28572, 00211.59537, 4.7, 1
2020-10-09, 13:00:19, 436000000, 436050000, 6250.00, 335160, -15.96, -16.37, -15.89, -16.21, -16.13, -16.13, -16.53, -16.05, -16.05, 4124.28613, 00211.59601, 4.8, 1
2020-10-09, 13:00:20, 436000000, 436050000, 6250.00, 334096, -15.90, -16.57, -15.88, -16.31, -16.18, -16.18, -16.48, -16.09, -16.09, 4124.28617, 00211.59619, 4.8, 1
2020-10-09, 13:00:21, 436000000, 436050000, 6250.00, 328776, -15.93, -16.48, -16.07, -16.32, -16.19, -16.19, -16.47, -16.17, -16.17, 4124.28617, 00211.59619, 4.8, 1
2020-10-09, 13:00:22, 436000000, 436050000, 6250.00, 333032, -15.97, -16.54, -15.98, -16.17, -16.17, -16.17, -16.41, -16.01, -16.01, 4124.28617, 00211.59619, 4.8, 1
2020-10-09, 13:00:23, 436000000, 436050000, 6250.00, 331968, -16.01, -16.58, -16.02, -16.35, -16.29, -16.29, -16.52, -16.16, -16.16, 4124.28617, 00211.59619, 4.8, 1
2020-10-09, 13:00:24, 436000000, 436050000, 6250.00, 329840, -15.96, -16.63, -15.88, -16.21, -16.31, -16.31, -16.60, -16.11, -16.11, 4124.28617, 00211.59619, 4.8, 1
2020-10-09, 13:00:25, 436000000, 436050000, 6250.00, 330904, -15.93, -16.51, -16.03, -16.32, -16.25, -16.25, -16.55, -16.10, -16.10, 4124.28617, 00211.59619, 4.8, 1
2020-10-09, 13:00:26, 436000000, 436050000, 6250.00, 329840, -16.11, -16.57, -16.06, -16.30, -16.23, -16.23, -16.67, -16.08, -16.08, 4124.28617, 00211.59619, 4.8, 1
2020-10-09, 13:00:27, 436000000, 436050000, 6250.00, 336224, -16.02, -16.56, -16.05, -16.31, -16.28, -16.28, -16.60, -16.21, -16.21, 4124.28686, 00211.59478, 5.3, 1
2020-10-09, 13:00:28, 436000000, 436050000, 6250.00, 328776, -16.07, -16.61, -16.02, -16.35, -16.34, -16.34, -16.56, -16.15, -16.15, 4124.28686, 00211.59478, 5.3, 1
2020-10-09, 13:00:29, 436000000, 436050000, 6250.00, 330904, -16.03, -16.60, -15.96, -16.40, -16.22, -16.22, -16.43, -16.15, -16.15, 4124.28686, 00211.59478, 5.3, 1
2020-10-09, 13:00:30, 436000000, 436050000, 6250.00, 329840, -16.11, -16.46, -16.11, -16.27, -16.29, -16.29, -16.62, -16.28, -16.28, 4124.28686, 00211.59478, 5.3, 1
2020-10-09, 13:00:31, 436000000, 436050000, 6250.00, 328776, -16.19, -16.55, -16.03, -16.20, -16.27, -16.27, -16.69, -16.20, -16.20, 4124.28686, 00211.59478, 5.3, 1
2020-10-09, 13:00:32, 436000000, 436050000, 6250.00, 325584, -16.09, -16.70, -16.01, -16.45, -16.37, -16.37, -16.64, -16.31, -16.31, 4124.28686, 00211.59478, 5.3, 1
2020-10-09, 13:00:33, 436000000, 436050000, 6250.00, 329840, -16.29, -16.81, -16.21, -16.63, -16.52, -16.52, -16.85, -16.47, -16.47, 4124.28613, 00211.59481, 5.3, 1
2020-10-09, 13:00:34, 436000000, 436050000, 6250.00, 325584, -16.19, -16.58, -16.09, -16.33, -16.27, -16.27, -16.45, -16.41, -16.41, 4124.28614, 00211.59498, 5.3, 1
2020-10-09, 13:00:35, 436000000, 436050000, 6250.00, 329840, -16.11, -16.52, -15.99, -16.27, -16.35, -16.35, -16.52, -16.38, -16.38, 4124.28606, 00211.59501, 5.3, 1
2020-10-09, 13:00:36, 436000000, 436050000, 6250.00, 328776, -15.97, -16.52, -16.13, -16.21, -16.27, -16.27, -16.61, -16.30, -16.30, 4124.28610, 00211.59485, 5.3, 1
2020-10-09, 13:00:37, 436000000, 436050000, 6250.00, 333032, -16.11, -16.60, -15.98, -16.08, -16.29, -16.29, -16.56, -16.27, -16.27, 4124.28610, 00211.59485, 5.3, 1
2020-10-09, 13:00:38, 436000000, 436050000, 6250.00, 333032, -15.97, -16.53, -15.95, -16.19, -16.28, -16.28, -16.38, -16.19, -16.19, 4124.28610, 00211.59485, 5.3, 1
2020-10-09, 13:00:39, 436000000, 436050000, 6250.00, 321328, -16.06, -16.56, -15.99, -16.30, -16.38, -16.38, -16.58, -16.30, -16.30, 4124.28610, 00211.59485, 5.3, 1
2020-10-09, 13:00:40, 436000000, 436050000, 6250.00, 337288, -16.11, -16.57, -15.98, -16.23, -16.25, -16.25, -16.52, -16.40, -16.40, 4124.28610, 00211.59485, 5.3, 1
2020-10-09, 13:00:41, 436000000, 436050000, 6250.00, 331968, -15.92, -16.51, -15.90, -16.25, -16.22, -16.22, -16.38, -16.16, -16.16, 4124.28610, 00211.59485, 5.3, 1
2020-10-09, 13:00:42, 436000000, 436050000, 6250.00, 329840, -15.77, -16.37, -15.70, -16.00, -16.15, -16.15, -16.41, -16.09, -16.09, 4124.28610, 00211.59485, 5.3, 1
2020-10-09, 13:00:43, 436000000, 436050000, 6250.00, 335160, -16.38, -16.75, -16.25, -16.56, -16.57, -16.57, -16.70, -16.60, -16.60, 4124.28610, 00211.59485, 5.3, 1
2020-10-09, 13:00:44, 436000000, 436050000, 6250.00, 327712, -16.61, -17.06, -16.63, -16.85, -16.91, -16.91, -17.00, -16.81, -16.81, 4124.28610, 00211.59485, 5.3, 1
2020-10-09, 13:00:45, 436000000, 436050000, 6250.00, 329840, -16.22, -16.58, -16.26, -16.42, -16.29, -16.29, -16.62, -16.26, -16.26, 4124.28610, 00211.59485, 5.3, 1
2020-10-09, 13:00:46, 436000000, 436050000, 6250.00, 331968, -16.10, -16.56, -16.20, -16.46, -16.18, -16.18, -16.55, -16.31, -16.31, 4124.28610, 00211.59485, 5.3, 1
2020-10-09, 13:00:47, 436000000, 436050000, 6250.00, 324520, -16.60, -16.90, -16.57, -16.81, -16.91, -16.91, -16.87, -16.74, -16.74, 4124.28610, 00211.59485, 5.3, 1
2020-10-09, 13:00:48, 436000000, 436050000, 6250.00, 330904, -16.33, -16.72, -16.34, -16.52, -16.53, -16.53, -16.77, -16.61, -16.61, 4124.28616, 00211.59359, 5.2, 1
2020-10-09, 13:00:49, 436000000, 436050000, 6250.00, 330904, -16.26, -16.69, -16.23, -16.51, -16.48, -16.48, -16.62, -16.54, -16.54, 4124.28624, 00211.59346, 5.2, 1
2020-10-09, 13:00:50, 436000000, 436050000, 6250.00, 329840, -17.07, -17.31, -17.03, -17.16, -17.24, -17.24, -17.27, -17.18, -17.18, 4124.28624, 00211.59331, 5.3, 1
2020-10-09, 13:00:51, 436000000, 436050000, 6250.00, 324520, -16.16, -16.69, -16.27, -16.55, -16.34, -16.34, -16.54, -16.49, -16.49, 4124.28627, 00211.59314, 5.3, 1
2020-10-09, 13:00:52, 436000000, 436050000, 6250.00, 328776, -16.42, -16.75, -16.29, -16.50, -16.49, -16.49, -16.63, -16.54, -16.54, 4124.28645, 00211.59310, 5.3, 1
2020-10-09, 13:00:53, 436000000, 436050000, 6250.00, 324520, -10.70, -10.85, -10.47, -10.84, -10.49, -10.49, -10.64, -10.97, -10.97, 4124.28561, 00211.59350, 5.3, 1
2020-10-09, 13:00:54, 436000000, 436050000, 6250.00, 333032, -2.53, -2.29, -2.50, -2.82, -2.32, -2.32, -2.63, -2.73, -2.73, 4124.28561, 00211.59350, 5.3, 1
2020-10-09, 13:00:55, 436000000, 436050000, 6250.00, 331968, -2.54, -2.35, -2.49, -2.85, -2.24, -2.24, -2.54, -2.80, -2.80, 4124.28561, 00211.59350, 5.3, 1
2020-10-09, 13:00:56, 436000000, 436050000, 6250.00, 328776, -2.57, -2.24, -2.57, -2.97, -2.24, -2.24, -2.76, -2.71, -2.71, 4124.28564, 00211.59361, 5.3, 1
2020-10-09, 13:01:09, 436000000, 436050000, 6250.00, 322392, -2.58, -2.18, -2.52, -2.89, -2.16, -2.16, -2.62, -2.76, -2.76, 4124.29986, 00211.64996, 5.6, 1
2020-10-09, 13:01:10, 436000000, 436050000, 6250.00, 322392, -2.65, -2.17, -2.56, -2.86, -2.17, -2.17, -2.49, -2.79, -2.79, 4124.30180, 00211.65697, 5.7, 1
2020-10-09, 13:01:11, 436000000, 436050000, 6250.00, 326648, -2.66, -2.36, -2.68, -2.75, -2.26, -2.26, -2.53, -2.77, -2.77, 4124.30365, 00211.66441, 5.3, 1
2020-10-09, 13:01:12, 436000000, 436050000, 6250.00, 324520, -2.66, -2.13, -2.59, -2.74, -2.26, -2.26, -2.46, -2.91, -2.91, 4124.30570, 00211.67292, 5.5, 1
2020-10-09, 13:01:13, 436000000, 436050000, 6250.00, 320264, -2.60, -2.15, -2.62, -3.00, -2.21, -2.21, -2.67, -2.75, -2.75, 4124.30770, 00211.68200, 5.3, 1
2020-10-09, 13:01:14, 436000000, 436050000, 6250.00, 322392, -2.65, -2.20, -2.54, -2.78, -2.41, -2.41, -2.53, -2.74, -2.74, 4124.30955, 00211.69125, 5.5, 1
2020-10-09, 13:01:15, 436000000, 436050000, 6250.00, 322392, -2.70, -2.45, -2.54, -2.75, -2.38, -2.38, -2.49, -2.52, -2.52, 4124.31152, 00211.69969, 5.6, 1
2020-10-09, 13:01:16, 436000000, 436050000, 6250.00, 323456, -2.72, -2.44, -2.73, -2.71, -2.32, -2.32, -2.43, -2.71, -2.71, 4124.31373, 00211.70908, 5.2, 1
2020-10-09, 13:01:17, 436000000, 436050000, 6250.00, 318136, -2.70, -2.36, -2.61, -2.77, -2.35, -2.35, -2.52, -2.70, -2.70, 4124.31622, 00211.71895, 5.3, 1
2020-10-09, 13:01:18, 436000000, 436050000, 6250.00, 320264, -2.69, -2.38, -2.64, -2.71, -2.51, -2.51, -2.49, -2.65, -2.65, 4124.31859, 00211.72826, 5.5, 1
2020-10-09, 13:01:19, 436000000, 436050000, 6250.00, 330904, -2.51, -2.14, -2.57, -2.72, -2.34, -2.34, -2.71, -2.59, -2.59, 4124.32090, 00211.73734, 5.3, 1
2020-10-09, 13:01:20, 436000000, 436050000, 6250.00, 331968, -2.77, -2.56, -2.74, -2.72, -2.50, -2.50, -2.49, -2.65, -2.65, 4124.32334, 00211.74654, 5.0, 1
2020-10-09, 13:01:21, 436000000, 436050000, 6250.00, 329840, -2.75, -2.47, -2.61, -2.72, -2.46, -2.46, -2.50, -2.75, -2.75, 4124.32565, 00211.75517, 4.6, 1
2020-10-09, 13:01:22, 436000000, 436050000, 6250.00, 325584, -2.70, -2.42, -2.64, -2.74, -2.41, -2.41, -2.61, -2.76, -2.76, 4124.32791, 00211.76407, 4.3, 1
2020-10-09, 13:01:23, 436000000, 436050000, 6250.00, 325584, -2.69, -2.37, -2.52, -2.77, -2.40, -2.40, -2.52, -2.58, -2.58, 4124.33023, 00211.77356, 4.1, 1
2020-10-09, 13:01:24, 436000000, 436050000, 6250.00, 330904, -2.46, -2.47, -2.51, -2.62, -2.55, -2.55, -2.56, -2.60, -2.60, 4124.33260, 00211.78379, 4.3, 1
2020-10-09, 13:01:25, 436000000, 436050000, 6250.00, 330904, -2.70, -2.65, -2.79, -2.56, -2.49, -2.49, -2.61, -2.87, -2.87, 4124.33483, 00211.79341, 3.9, 1
2020-10-09, 13:01:26, 436000000, 436050000, 6250.00, 325584, -2.64, -2.69, -2.70, -2.58, -2.55, -2.55, -2.56, -2.67, -2.67, 4124.33702, 00211.80302, 3.7, 1
2020-10-09, 13:01:27, 436000000, 436050000, 6250.00, 331968, -2.74, -2.62, -2.61, -2.58, -2.50, -2.50, -2.69, -2.66, -2.66, 4124.33935, 00211.81306, 3.5, 1
2020-10-09, 13:01:28, 436000000, 436050000, 6250.00, 322392, -2.73, -2.59, -2.74, -2.58, -2.52, -2.52, -2.58, -2.64, -2.64, 4124.34164, 00211.82267, 3.4, 1
2020-10-09, 13:01:29, 436000000, 436050000, 6250.00, 326648, -2.70, -2.68, -2.75, -2.59, -2.48, -2.48, -2.50, -2.70, -2.70, 4124.34417, 00211.83260, 3.5, 1
2020-10-09, 13:01:30, 436000000, 436050000, 6250.00, 325584, -2.81, -2.72, -2.65, -2.57, -2.57, -2.57, -2.58, -2.72, -2.72, 4124.34665, 00211.84178, 4.1, 1
2020-10-09, 13:01:31, 436000000, 436050000, 6250.00, 329840, -2.71, -2.65, -2.72, -2.69, -2.55, -2.55, -2.44, -2.72, -2.72, 4124.34887, 00211.85106, 4.1, 1
2020-10-09, 13:01:32, 436000000, 436050000, 6250.00, 324520, -2.72, -2.65, -2.67, -2.68, -2.54, -2.54, -2.48, -2.67, -2.67, 4124.35103, 00211.86037, 3.1, 1
2020-10-09, 13:01:33, 436000000, 436050000, 6250.00, 318136, -2.59, -2.67, -2.65, -2.66, -2.59, -2.59, -2.51, -2.48, -2.48, 4124.35323, 00211.86860, 2.5, 1
2020-10-09, 13:01:34, 436000000, 436050000, 6250.00, 327712, -2.62, -2.58, -2.76, -2.64, -2.52, -2.52, -2.50, -2.54, -2.54, 4124.35500, 00211.87720, 2.4, 1
2020-10-09, 13:01:35, 436000000, 436050000, 6250.00, 325584, -2.58, -2.57, -2.70, -2.68, -2.46, -2.46, -2.44, -2.58, -2.58, 4124.35683, 00211.88505, 2.3, 1
2020-10-09, 13:01:36, 436000000, 436050000, 6250.00, 331968, -2.73, -2.67, -2.78, -2.83, -2.40, -2.40, -2.32, -2.68, -2.68, 4124.35857, 00211.89236, 2.1, 1
2020-10-09, 13:01:37, 436000000, 436050000, 6250.00, 328776, -2.68, -2.55, -2.64, -2.61, -2.48, -2.48, -2.52, -2.62, -2.62, 4124.36001, 00211.89843, 1.9, 1
2020-10-09, 13:01:38, 436000000, 436050000, 6250.00, 325584, -2.51, -2.58, -2.55, -2.57, -2.52, -2.52, -2.54, -2.63, -2.63, 4124.36146, 00211.90447, 1.9, 1
2020-10-09, 13:01:39, 436000000, 436050000, 6250.00, 323456, -2.59, -2.51, -2.59, -2.65, -2.61, -2.61, -2.57, -2.46, -2.46, 4124.36271, 00211.90957, 2.4, 1
2020-10-09, 13:01:40, 436000000, 436050000, 6250.00, 323456, -2.53, -2.64, -2.50, -2.60, -2.59, -2.59, -2.62, -2.62, -2.62, 4124.36363, 00211.91346, 2.5, 1
2020-10-09, 13:01:41, 436000000, 436050000, 6250.00, 327712, -2.61, -2.61, -2.70, -2.71, -2.41, -2.41, -2.46, -2.69, -2.69, 4124.36455, 00211.91725, 2.7, 1
2020-10-09, 13:01:42, 436000000, 436050000, 6250.00, 330904, -2.57, -2.61, -2.63, -2.57, -2.21, -2.21, -2.30, -2.52, -2.52, 4124.36538, 00211.92043, 3.1, 1
2020-10-09, 13:01:43, 436000000, 436050000, 6250.00, 330904, -2.53, -2.46, -2.61, -2.84, -2.51, -2.51, -2.42, -2.67, -2.67, 4124.36605, 00211.92302, 3.3, 1
2020-10-09, 13:01:44, 436000000, 436050000, 6250.00, 331968, -2.66, -2.65, -2.67, -2.50, -2.65, -2.65, -2.60, -2.53, -2.53, 4124.36643, 00211.92440, 3.4, 1
2020-10-09, 13:01:45, 436000000, 436050000, 6250.00, 325584, -2.68, -2.80, -2.65, -2.45, -2.77, -2.77, -2.49, -2.42, -2.42, 4124.36662, 00211.92513, 3.6, 1
2020-10-09, 13:01:46, 436000000, 436050000, 6250.00, 330904, -2.25, -2.37, -2.53, -2.59, -1.96, -1.96, -2.36, -2.59, -2.59, 4124.36657, 00211.92482, 3.7, 1
2020-10-09, 13:01:47, 436000000, 436050000, 6250.00, 328776, -2.42, -2.60, -2.47, -3.33, -2.73, -2.73, -2.72, -2.53, -2.53, 4124.36672, 00211.92513, 3.9, 1
2020-10-09, 13:01:48, 436000000, 436050000, 6250.00, 327712, -2.49, -2.54, -2.41, -3.22, -2.63, -2.63, -2.52, -2.48, -2.48, 4124.36686, 00211.92525, 4.1, 1
2020-10-09, 13:01:49, 436000000, 436050000, 6250.00, 326648, -2.88, -2.83, -2.23, -2.84, -3.06, -3.06, -3.28, -2.89, -2.89, 4124.36699, 00211.92533, 4.2, 1
2020-10-09, 13:01:50, 436000000, 436050000, 6250.00, 328776, -2.39, -2.56, -2.50, -2.77, -2.50, -2.50, -2.60, -2.79, -2.79, 4124.36723, 00211.92554, 4.3, 1
2020-10-09, 13:01:51, 436000000, 436050000, 6250.00, 329840, -2.20, -2.57, -2.65, -2.42, -2.12, -2.12, -2.21, -2.62, -2.62, 4124.36728, 00211.92566, 4.4, 1
2020-10-09, 13:01:52, 436000000, 436050000, 6250.00, 324520, -2.39, -2.51, -2.32, -3.46, -2.56, -2.56, -2.47, -2.52, -2.52, 4124.36728, 00211.92566, 4.4, 1
2020-10-09, 13:01:53, 436000000, 436050000, 6250.00, 329840, -2.55, -2.78, -2.47, -2.82, -2.47, -2.47, -2.59, -2.75, -2.75, 4124.36728, 00211.92566, 4.4, 1
2020-10-09, 13:01:54, 436000000, 436050000, 6250.00, 333032, -2.25, -2.62, -2.53, -2.78, -2.20, -2.20, -2.29, -2.56, -2.56, 4124.36728, 00211.92566, 4.4, 1
2020-10-09, 13:01:55, 436000000, 436050000, 6250.00, 331968, -2.03, -2.67, -2.73, -2.06, -1.86, -1.86, -2.34, -2.46, -2.46, 4124.36728, 00211.92566, 4.4, 1
2020-10-09, 13:01:56, 436000000, 436050000, 6250.00, 334096, -1.99, -2.33, -2.65, -2.03, -2.01, -2.01, -2.46, -2.17, -2.17, 4124.36728, 00211.92566, 4.4, 1
2020-10-09, 13:01:57, 436000000, 436050000, 6250.00, 323456, -1.96, -2.57, -2.73, -1.61, -1.93, -1.93, -2.47, -2.20, -2.20, 4124.36667, 00211.92634, 4.5, 1
2020-10-09, 13:01:58, 436000000, 436050000, 6250.00, 331968, -1.79, -2.40, -2.75, -1.84, -2.01, -2.01, -2.64, -2.06, -2.06, 4124.36667, 00211.92633, 4.5, 1
2020-10-09, 13:01:59, 436000000, 436050000, 6250.00, 320264, -2.03, -2.66, -2.92, -1.61, -1.80, -1.80, -2.34, -2.30, -2.30, 4124.36667, 00211.92628, 4.6, 1
2020-10-09, 13:02:00, 436000000, 436050000, 6250.00, 322392, -1.99, -2.43, -2.89, -1.69, -1.73, -1.73, -2.50, -2.20, -2.20, 4124.36668, 00211.92622, 4.6, 1
2020-10-09, 13:02:01, 436000000, 436050000, 6250.00, 328776, -2.09, -2.58, -2.84, -1.82, -1.88, -1.88, -2.35, -2.33, -2.33, 4124.36670, 00211.92614, 4.7, 1
2020-10-09, 13:02:02, 436000000, 436050000, 6250.00, 329840, -2.06, -2.57, -2.82, -1.82, -1.85, -1.85, -2.36, -2.33, -2.33, 4124.36678, 00211.92608, 4.7, 1
2020-10-09, 13:02:03, 436000000, 436050000, 6250.00, 325584, -2.14, -2.55, -2.64, -1.98, -2.07, -2.07, -2.32, -2.27, -2.27, 4124.36678, 00211.92606, 4.7, 1
2020-10-09, 13:02:04, 436000000, 436050000, 6250.00, 324520, -2.18, -2.52, -2.62, -2.10, -1.95, -1.95, -2.37, -2.33, -2.33, 4124.36679, 00211.92618, 4.8, 1
2020-10-09, 13:02:05, 436000000, 436050000, 6250.00, 324520, -2.25, -2.52, -2.68, -2.27, -2.15, -2.15, -2.28, -2.35, -2.35, 4124.36684, 00211.92634, 4.8, 1
2020-10-09, 13:02:06, 436000000, 436050000, 6250.00, 326648, -2.33, -2.47, -2.68, -2.30, -2.32, -2.32, -2.36, -2.47, -2.47, 4124.36684, 00211.92634, 4.8, 1
2020-10-09, 13:02:07, 436000000, 436050000, 6250.00, 336224, -2.24, -2.41, -2.53, -2.40, -2.24, -2.24, -2.38, -2.43, -2.43, 4124.36684, 00211.92634, 4.8, 1
2020-10-09, 13:02:08, 436000000, 436050000, 6250.00, 327712, -2.45, -2.51, -2.51, -2.66, -2.35, -2.35, -2.21, -2.36, -2.36, 4124.36684, 00211.92634, 4.8, 1
2020-10-09, 13:02:09, 436000000, 436050000, 6250.00, 336224, -2.35, -2.37, -2.39, -2.42, -2.34, -2.34, -2.48, -2.24, -2.24, 4124.36684, 00211.92634, 4.8, 1
2020-10-09, 13:02:10, 436000000, 436050000, 6250.00, 329840, -2.33, -2.56, -2.54, -2.93, -2.44, -2.44, -2.30, -2.49, -2.49, 4124.36684, 00211.92634, 4.8, 1
2020-10-09, 13:02:11, 436000000, 436050000, 6250.00, 326648, -2.41, -2.53, -2.33, -2.24, -2.34, -2.34, -2.27, -2.30, -2.30, 4124.36684, 00211.92634, 4.8, 1
2020-10-09, 13:02:12, 436000000, 436050000, 6250.00, 326648, -2.32, -2.54, -2.45, -2.17, -2.37, -2.37, -2.34, -2.18, -2.18, 4124.36684, 00211.92634, 4.8, 1
2020-10-09, 13:02:13, 436000000, 436050000, 6250.00, 328776, -2.40, -2.51, -2.61, -2.43, -2.25, -2.25, -2.35, -2.37, -2.37, 4124.36684, 00211.92634, 4.8, 1
2020-10-09, 13:02:14, 436000000, 436050000, 6250.00, 331968, -2.73, -2.72, -2.49, -2.63, -2.91, -2.91, -2.72, -2.74, -2.74, 4124.36701, 00211.92635, 5.0, 1
2020-10-09, 13:02:15, 436000000, 436050000, 6250.00, 327712, -2.63, -2.66, -2.61, -2.63, -2.89, -2.89, -2.97, -2.80, -2.80, 4124.36708, 00211.92644, 5.0, 1
2020-10-09, 13:02:16, 436000000, 436050000, 6250.00, 321328, -2.71, -2.74, -2.69, -2.63, -2.60, -2.60, -2.86, -2.63, -2.63, 4124.36708, 00211.92644, 5.0, 1
2020-10-09, 13:02:17, 436000000, 436050000, 6250.00, 327712, -2.29, -2.58, -2.69, -2.02, -2.10, -2.10, -2.33, -2.35, -2.35, 4124.36708, 00211.92644, 5.0, 1
2020-10-09, 13:02:18, 436000000, 436050000, 6250.00, 325584, -2.27, -2.49, -2.45, -2.08, -2.30, -2.30, -2.25, -1.99, -1.99, 4124.36708, 00211.92644, 5.0, 1
2020-10-09, 13:02:19, 436000000, 436050000, 6250.00, 323456, -2.45, -2.61, -2.50, -2.86, -2.45, -2.45, -2.24, -2.55, -2.55, 4124.36708, 00211.92644, 5.0, 1
2020-10-09, 13:02:20, 436000000, 436050000, 6250.00, 320264, -2.50, -2.53, -2.48, -2.84, -2.24, -2.24, -2.31, -2.65, -2.65, 4124.36708, 00211.92644, 5.0, 1
2020-10-09, 13:02:21, 436000000, 436050000, 6250.00, 321328, -2.39, -2.56, -2.65, -2.41, -2.37, -2.37, -2.37, -2.33, -2.33, 4124.36708, 00211.92644, 5.0, 1
2020-10-09, 13:02:22, 436000000, 436050000, 6250.00, 329840, -2.58, -2.84, -2.82, -2.55, -2.56, -2.56, -2.57, -2.50, -2.50, 4124.36704, 00211.92675, 5.0, 1
2020-10-09, 13:02:23, 436000000, 436050000, 6250.00, 324520, -2.52, -2.62, -2.47, -2.26, -2.92, -2.92, -2.59, -2.35, -2.35, 4124.36704, 00211.92684, 5.0, 1
2020-10-09, 13:02:24, 436000000, 436050000, 6250.00, 325584, -2.56, -2.57, -2.46, -2.42, -2.69, -2.69, -2.71, -2.63, -2.63, 4124.36706, 00211.92698, 4.9, 1
2020-10-09, 13:02:25, 436000000, 436050000, 6250.00, 326648, -2.30, -2.59, -2.70, -2.49, -2.18, -2.18, -2.17, -2.50, -2.50, 4124.36709, 00211.92710, 4.9, 1
2020-10-09, 13:02:26, 436000000, 436050000, 6250.00, 327712, -2.62, -2.56, -2.50, -2.88, -3.02, -3.02, -2.83, -2.71, -2.71, 4124.36709, 00211.92710, 4.9, 1
2020-10-09, 13:02:27, 436000000, 436050000, 6250.00, 331968, -2.72, -2.84, -2.61, -2.59, -2.81, -2.81, -2.82, -2.65, -2.65, 4124.36709, 00211.92710, 4.9, 1
2020-10-09, 13:02:28, 436000000, 436050000, 6250.00, 330904, -2.61, -2.75, -2.54, -2.35, -2.84, -2.84, -2.49, -2.43, -2.43, 4124.36713, 00211.92731, 4.9, 1
2020-10-09, 13:02:29, 436000000, 436050000, 6250.00, 321328, -2.71, -2.85, -2.66, -2.67, -2.89, -2.89, -2.51, -2.24, -2.24, 4124.36713, 00211.92731, 4.9, 1
2020-10-09, 13:02:30, 436000000, 436050000, 6250.00, 325584, -2.47, -2.61, -2.40, -2.37, -2.80, -2.80, -2.52, -2.13, -2.13, 4124.36713, 00211.92731, 4.9, 1
2020-10-09, 13:02:31, 436000000, 436050000, 6250.00, 327712, -2.59, -2.97, -2.84, -2.72, -2.89, -2.89, -2.62, -2.39, -2.39, 4124.36713, 00211.92731, 4.9, 1
2020-10-09, 13:02:32, 436000000, 436050000, 6250.00, 326648, -2.62, -2.73, -2.67, -2.56, -2.53, -2.53, -2.56, -2.55, -2.55, 4124.36713, 00211.92731, 4.9, 1
2020-10-09, 13:02:33, 436000000, 436050000, 6250.00, 323456, -2.44, -2.64, -2.55, -2.74, -2.59, -2.59, -2.49, -2.71, -2.71, 4124.36713, 00211.92731, 4.9, 1
2020-10-09, 13:02:34, 436000000, 436050000, 6250.00, 326648, -2.61, -2.54, -2.64, -2.59, -2.60, -2.60, -2.54, -2.63, -2.63, 4124.36693, 00211.92665, 5.0, 1
2020-10-09, 13:02:35, 436000000, 436050000, 6250.00, 316008, -2.62, -2.83, -2.64, -2.37, -2.61, -2.61, -2.57, -2.72, -2.72, 4124.36701, 00211.92698, 5.0, 1
2020-10-09, 13:02:36, 436000000, 436050000, 6250.00, 330904, -2.67, -2.58, -2.61, -2.61, -2.61, -2.61, -2.64, -2.63, -2.63, 4124.36791, 00211.93046, 5.1, 1
2020-10-09, 13:02:37, 436000000, 436050000, 6250.00, 327712, -2.63, -2.70, -2.55, -2.57, -2.60, -2.60, -2.64, -2.45, -2.45, 4124.36866, 00211.93392, 5.1, 1
2020-10-09, 13:02:38, 436000000, 436050000, 6250.00, 325584, -2.47, -2.60, -2.50, -2.69, -2.86, -2.86, -2.57, -2.52, -2.52, 4124.36956, 00211.93805, 5.2, 1
2020-10-09, 13:02:39, 436000000, 436050000, 6250.00, 327712, -2.61, -2.60, -2.63, -2.55, -2.58, -2.58, -2.56, -2.64, -2.64, 4124.37050, 00211.94208, 5.3, 1
2020-10-09, 13:02:40, 436000000, 436050000, 6250.00, 328776, -2.54, -2.59, -2.55, -2.49, -2.71, -2.71, -2.56, -2.57, -2.57, 4124.37162, 00211.94735, 5.5, 1
2020-10-09, 13:02:41, 436000000, 436050000, 6250.00, 326648, -2.51, -2.77, -2.62, -2.42, -2.55, -2.55, -2.50, -2.48, -2.48, 4124.37277, 00211.95250, 5.6, 1
2020-10-09, 13:02:42, 436000000, 436050000, 6250.00, 328776, -2.66, -2.65, -2.60, -2.56, -2.60, -2.60, -2.60, -2.49, -2.49, 4124.37421, 00211.95855, 5.6, 1
2020-10-09, 13:02:43, 436000000, 436050000, 6250.00, 321328, -2.45, -2.72, -2.53, -2.69, -2.64, -2.64, -2.47, -2.54, -2.54, 4124.37587, 00211.96486, 5.7, 1
2020-10-09, 13:02:44, 436000000, 436050000, 6250.00, 325584, -2.42, -2.63, -2.61, -2.54, -2.72, -2.72, -2.67, -2.67, -2.67, 4124.37772, 00211.97174, 5.6, 1
2020-10-09, 13:02:45, 436000000, 436050000, 6250.00, 325584, -2.76, -2.52, -2.44, -2.47, -2.74, -2.74, -2.60, -2.72, -2.72, 4124.38007, 00211.97846, 5.8, 1
2020-10-09, 13:02:46, 436000000, 436050000, 6250.00, 320264, -2.57, -3.06, -2.69, -2.10, -2.80, -2.80, -2.48, -2.20, -2.20, 4124.38208, 00211.98613, 6.0, 1
2020-10-09, 13:02:47, 436000000, 436050000, 6250.00, 325584, -2.61, -2.99, -2.74, -2.14, -3.06, -3.06, -2.54, -2.24, -2.24, 4124.38412, 00211.99417, 5.8, 1
2020-10-09, 13:02:48, 436000000, 436050000, 6250.00, 329840, -2.57, -3.05, -2.63, -2.08, -3.06, -3.06, -2.56, -2.05, -2.05, 4124.38633, 00212.00286, 5.7, 1
2020-10-09, 13:02:49, 436000000, 436050000, 6250.00, 320264, -2.75, -2.87, -2.64, -2.27, -2.73, -2.73, -2.65, -2.40, -2.40, 4124.38872, 00212.01207, 5.9, 1
2020-10-09, 13:02:50, 436000000, 436050000, 6250.00, 322392, -2.66, -2.31, -2.65, -2.65, -2.40, -2.40, -2.56, -2.79, -2.79, 4124.39122, 00212.02178, 6.2, 1
2020-10-09, 13:02:51, 436000000, 436050000, 6250.00, 330904, -2.58, -2.55, -2.59, -2.71, -2.43, -2.43, -2.43, -2.71, -2.71, 4124.39381, 00212.03167, 5.9, 1
2020-10-09, 13:02:52, 436000000, 436050000, 6250.00, 330904, -2.45, -2.74, -2.59, -2.56, -2.45, -2.45, -2.57, -2.55, -2.55, 4124.39651, 00212.04183, 5.9, 1
2020-10-09, 13:02:53, 436000000, 436050000, 6250.00, 322392, -2.71, -2.66, -2.55, -2.42, -2.75, -2.75, -2.56, -2.45, -2.45, 4124.39933, 00212.05217, 5.3, 1
2020-10-09, 13:02:54, 436000000, 436050000, 6250.00, 337288, -2.66, -2.99, -2.50, -2.41, -2.78, -2.78, -2.61, -2.28, -2.28, 4124.40212, 00212.06303, 5.6, 1
2020-10-09, 13:02:55, 436000000, 436050000, 6250.00, 327712, -2.38, -2.86, -2.50, -2.48, -3.09, -3.09, -2.62, -2.40, -2.40, 4124.40453, 00212.07337, 5.4, 1
2020-10-09, 13:02:56, 436000000, 436050000, 6250.00, 328776, -2.58, -3.24, -2.68, -1.71, -3.26, -3.26, -2.49, -2.01, -2.01, 4124.40728, 00212.08404, 5.5, 1
2020-10-09, 13:02:57, 436000000, 436050000, 6250.00, 329840, -2.42, -2.95, -2.64, -2.40, -2.87, -2.87, -2.47, -2.23, -2.23, 4124.41009, 00212.09488, 5.8, 1
2020-10-09, 13:02:58, 436000000, 436050000, 6250.00, 331968, -2.31, -2.66, -2.30, -2.83, -2.38, -2.38, -2.60, -2.74, -2.74, 4124.41294, 00212.10574, 5.7, 1
2020-10-09, 13:02:59, 436000000, 436050000, 6250.00, 327712, -2.65, -1.42, -2.59, -3.42, -1.56, -1.56, -2.52, -3.64, -3.64, 4124.41556, 00212.11675, 5.6, 1
2020-10-09, 13:03:00, 436000000, 436050000, 6250.00, 319200, -2.59, -0.83, -3.22, -4.15, -1.80, -1.80, -2.77, -3.55, -3.55, 4124.41848, 00212.12809, 5.4, 1
2020-10-09, 13:03:01, 436000000, 436050000, 6250.00, 327712, -2.96, -0.20, -3.63, -4.37, -1.92, -1.92, -2.90, -3.76, -3.76, 4124.42148, 00212.13904, 5.5, 1
2020-10-09, 13:03:02, 436000000, 436050000, 6250.00, 330904, -2.76, -0.31, -3.06, -4.07, -1.03, -1.03, -2.57, -3.82, -3.82, 4124.42443, 00212.14978, 5.3, 1
2020-10-09, 13:03:03, 436000000, 436050000, 6250.00, 306432, -2.82, -0.45, -3.38, -4.15, -1.99, -1.99, -2.91, -3.83, -3.83, 4124.42745, 00212.16085, 5.4, 1
2020-10-09, 13:03:04, 436000000, 436050000, 6250.00, 354312, -2.63, -1.65, -2.87, -3.07, -1.73, -1.73, -2.55, -2.92, -2.92, 4124.43040, 00212.17098, 4.8, 1
2020-10-09, 13:03:05, 436000000, 436050000, 6250.00, 328776, -2.37, -1.76, -2.60, -3.70, -1.64, -1.64, -2.27, -3.48, -3.48, 4124.43231, 00212.18076, 4.1, 1
2020-10-09, 13:03:06, 436000000, 436050000, 6250.00, 327712, -2.29, -2.10, -2.49, -3.22, -2.20, -2.20, -2.74, -3.18, -3.18, 4124.43460, 00212.19164, 4.0, 1
2020-10-09, 13:03:07, 436000000, 436050000, 6250.00, 322392, -2.40, -2.62, -2.55, -2.85, -2.65, -2.65, -2.64, -2.64, -2.64, 4124.43705, 00212.20189, 3.8, 1
2020-10-09, 13:03:08, 436000000, 436050000, 6250.00, 319200, -2.23, -2.43, -2.42, -3.25, -2.50, -2.50, -2.60, -2.62, -2.62, 4124.43959, 00212.21196, 3.7, 1
2020-10-09, 13:03:09, 436000000, 436050000, 6250.00, 333032, -2.29, -2.46, -2.53, -3.31, -2.25, -2.25, -2.67, -3.04, -3.04, 4124.44210, 00212.22216, 3.7, 1
2020-10-09, 13:03:10, 436000000, 436050000, 6250.00, 327712, -2.51, -1.59, -2.96, -3.81, -1.80, -1.80, -2.65, -3.61, -3.61, 4124.44453, 00212.23201, 3.4, 1
2020-10-09, 13:03:11, 436000000, 436050000, 6250.00, 324520, -2.29, -0.69, -2.80, -4.91, -1.23, -1.23, -2.57, -4.82, -4.82, 4124.44697, 00212.24172, 3.2, 1
2020-10-09, 13:03:12, 436000000, 436050000, 6250.00, 329840, -4.61, 1.50, -4.76, -6.13, -1.95, -1.95, -4.06, -6.22, -6.22, 4124.44942, 00212.25130, 3.0, 1
2020-10-09, 13:03:13, 436000000, 436050000, 6250.00, 328776, -3.22, 0.69, -3.71, -5.03, -0.76, -0.76, -2.95, -5.29, -5.29, 4124.45177, 00212.26068, 2.9, 1
2020-10-09, 13:03:14, 436000000, 436050000, 6250.00, 334096, -2.86, -0.50, -3.35, -4.08, -0.98, -0.98, -2.45, -4.17, -4.17, 4124.45384, 00212.26927, 2.8, 1
2020-10-09, 13:03:15, 436000000, 436050000, 6250.00, 327712, -2.97, -0.55, -2.88, -3.65, -1.69, -1.69, -2.65, -3.52, -3.52, 4124.45590, 00212.27760, 2.7, 1
2020-10-09, 13:03:16, 436000000, 436050000, 6250.00, 322392, -2.75, -0.30, -2.90, -4.35, -0.46, -0.46, -2.35, -4.23, -4.23, 4124.45779, 00212.28578, 2.9, 1
2020-10-09, 13:03:17, 436000000, 436050000, 6250.00, 327712, -2.77, -1.17, -2.97, -4.05, -1.62, -1.62, -2.50, -3.77, -3.77, 4124.45964, 00212.29389, 2.7, 1
2020-10-09, 13:03:18, 436000000, 436050000, 6250.00, 329840, -3.71, 0.55, -3.42, -3.91, -2.84, -2.84, -3.66, -3.79, -3.79, 4124.46137, 00212.30103, 2.7, 1
2020-10-09, 13:03:19, 436000000, 436050000, 6250.00, 325584, -3.81, 0.23, -3.60, -3.50, -3.75, -3.75, -3.85, -3.56, -3.56, 4124.46287, 00212.30722, 2.5, 1
2020-10-09, 13:03:20, 436000000, 436050000, 6250.00, 325584, -3.39, 0.20, -3.28, -3.01, -2.17, -2.17, -3.17, -3.27, -3.27, 4124.46408, 00212.31219, 2.4, 1
2020-10-09, 13:03:21, 436000000, 436050000, 6250.00, 323456, -2.42, -2.12, -2.88, -3.21, -1.07, -1.07, -2.11, -3.08, -3.08, 4124.46505, 00212.31628, 2.5, 1
2020-10-09, 13:03:22, 436000000, 436050000, 6250.00, 325584, -2.39, -2.86, -2.74, -2.51, -3.00, -3.00, -2.46, -2.72, -2.72, 4124.46578, 00212.31938, 2.3, 1
2020-10-09, 13:03:23, 436000000, 436050000, 6250.00, 328776, -2.44, -2.87, -2.36, -2.47, -2.79, -2.79, -2.47, -2.46, -2.46, 4124.46627, 00212.32140, 2.3, 1
2020-10-09, 13:03:24, 436000000, 436050000, 6250.00, 328776, -2.15, -2.65, -2.10, -2.29, -2.89, -2.89, -2.66, -2.42, -2.42, 4124.46665, 00212.32293, 2.3, 1
2020-10-09, 13:03:25, 436000000, 436050000, 6250.00, 326648, -2.79, -1.81, -2.91, -2.49, -0.81, -0.81, -1.88, -2.60, -2.60, 4124.46707, 00212.32441, 2.3, 1
2020-10-09, 13:03:26, 436000000, 436050000, 6250.00, 327712, -3.20, -0.86, -3.19, -2.28, 0.13, 0.13, -2.79, -2.95, -2.95, 4124.46694, 00212.32381, 2.7, 1
2020-10-09, 13:03:27, 436000000, 436050000, 6250.00, 326648, -2.66, -1.71, -2.09, -2.24, 0.55, 0.55, -2.16, -2.19, -2.19, 4124.46695, 00212.32382, 2.9, 1
2020-10-09, 13:03:28, 436000000, 436050000, 6250.00, 331968, -3.46, 0.07, -2.65, -3.48, -0.75, -0.75, -2.31, -2.55, -2.55, 4124.46703, 00212.32400, 3.1, 1
2020-10-09, 13:03:29, 436000000, 436050000, 6250.00, 331968, -2.88, -0.66, -2.03, -3.02, -0.39, -0.39, -1.95, -2.21, -2.21, 4124.46703, 00212.32421, 3.2, 1
2020-10-09, 13:03:30, 436000000, 436050000, 6250.00, 327712, -2.56, -1.72, -1.79, -2.76, 0.30, 0.30, -1.65, -1.88, -1.88, 4124.46714, 00212.32443, 3.3, 1
2020-10-09, 13:03:31, 436000000, 436050000, 6250.00, 329840, -3.09, -0.03, -1.88, -3.47, -1.02, -1.02, -1.81, -2.28, -2.28, 4124.46708, 00212.32433, 3.5, 1
2020-10-09, 13:03:32, 436000000, 436050000, 6250.00, 325584, -2.52, -1.72, -1.72, -2.67, 0.08, 0.08, -1.61, -1.81, -1.81, 4124.46708, 00212.32433, 3.5, 1
2020-10-09, 13:03:33, 436000000, 436050000, 6250.00, 328776, -2.41, -1.40, -1.63, -2.82, 0.15, 0.15, -1.56, -1.91, -1.91, 4124.46708, 00212.32433, 3.5, 1
2020-10-09, 13:03:34, 436000000, 436050000, 6250.00, 325584, -2.44, -1.68, -1.97, -2.75, 0.40, 0.40, -1.58, -1.80, -1.80, 4124.46754, 00212.32467, 3.8, 1
2020-10-09, 13:03:35, 436000000, 436050000, 6250.00, 330904, -2.36, -2.24, -2.06, -2.18, 0.78, 0.78, -1.79, -1.78, -1.78, 4124.46742, 00212.32461, 4.0, 1
2020-10-09, 13:03:36, 436000000, 436050000, 6250.00, 320264, -3.82, 0.49, -2.17, -4.24, -1.35, -1.35, -1.77, -2.29, -2.29, 4124.46766, 00212.32495, 4.0, 1
2020-10-09, 13:03:37, 436000000, 436050000, 6250.00, 330904, -2.79, -0.82, -1.31, -3.10, -0.08, -0.08, -1.56, -1.67, -1.67, 4124.46784, 00212.32507, 4.1, 1
2020-10-09, 13:03:38, 436000000, 436050000, 6250.00, 323456, -3.33, -0.05, -1.73, -3.51, -0.56, -0.56, -1.68, -1.88, -1.88, 4124.46784, 00212.32507, 4.1, 1
2020-10-09, 13:03:39, 436000000, 436050000, 6250.00, 329840, -2.14, -2.67, -2.13, -1.90, 0.82, 0.82, -1.59, -1.81, -1.81, 4124.46784, 00212.32507, 4.1, 1
2020-10-09, 13:03:40, 436000000, 436050000, 6250.00, 325584, -2.09, -2.67, -2.12, -1.92, 0.75, 0.75, -1.66, -1.67, -1.67, 4124.46805, 00212.32550, 4.3, 1
2020-10-09, 13:03:41, 436000000, 436050000, 6250.00, 330904, -1.81, -2.04, -1.66, -2.11, 0.51, 0.51, -1.49, -1.70, -1.70, 4124.46830, 00212.32551, 4.3, 1
2020-10-09, 13:03:42, 436000000, 436050000, 6250.00, 337288, -3.15, -1.59, -1.66, -3.10, 0.46, 0.46, -1.66, -1.68, -1.68, 4124.46830, 00212.32551, 4.3, 1
2020-10-09, 13:03:43, 436000000, 436050000, 6250.00, 325584, -2.07, -2.04, -1.76, -2.32, 0.67, 0.67, -1.59, -1.77, -1.77, 4124.46830, 00212.32551, 4.3, 1
2020-10-09, 13:03:44, 436000000, 436050000, 6250.00, 327712, -2.50, -1.88, -1.98, -2.41, 0.61, 0.61, -2.01, -1.85, -1.85, 4124.46844, 00212.32587, 4.4, 1
2020-10-09, 13:03:45, 436000000, 436050000, 6250.00, 326648, -2.73, -1.01, -2.20, -2.94, 0.13, 0.13, -1.72, -2.03, -2.03, 4124.46847, 00212.32592, 4.5, 1
2020-10-09, 13:03:46, 436000000, 436050000, 6250.00, 328776, -3.11, -0.08, -2.07, -3.46, -0.75, -0.75, -1.88, -2.10, -2.10, 4124.46862, 00212.32616, 4.5, 1
2020-10-09, 13:03:47, 436000000, 436050000, 6250.00, 326648, -2.04, -1.63, -1.45, -2.39, 0.23, 0.23, -1.44, -1.77, -1.77, 4124.46862, 00212.32616, 4.5, 1
2020-10-09, 13:03:48, 436000000, 436050000, 6250.00, 326648, -2.26, -1.18, -1.49, -2.59, 0.02, 0.02, -1.49, -1.84, -1.84, 4124.46911, 00212.32673, 4.5, 1
2020-10-09, 13:03:49, 436000000, 436050000, 6250.00, 326648, -1.96, -1.79, -1.45, -2.49, 0.32, 0.32, -1.27, -1.86, -1.86, 4124.46946, 00212.32715, 4.6, 1
2020-10-09, 13:03:50, 436000000, 436050000, 6250.00, 330904, -2.37, -2.60, -2.24, -2.11, 1.06, 1.06, -1.83, -1.97, -1.97, 4124.46941, 00212.32710, 4.6, 1
2020-10-09, 13:03:51, 436000000, 436050000, 6250.00, 333032, -2.41, -1.48, -1.99, -2.88, -0.09, -0.09, -1.66, -2.36, -2.36, 4124.46919, 00212.32711, 4.6, 1
2020-10-09, 13:03:52, 436000000, 436050000, 6250.00, 326648, -2.76, -2.05, -2.73, -2.96, -0.04, -0.04, -1.86, -2.90, -2.90, 4124.46919, 00212.32711, 4.6, 1
2020-10-09, 13:03:53, 436000000, 436050000, 6250.00, 329840, -2.45, -2.98, -2.38, -2.11, -2.90, -2.90, -2.71, -2.18, -2.18, 4124.46909, 00212.32742, 4.5, 1
2020-10-09, 13:03:54, 436000000, 436050000, 6250.00, 330904, -2.58, -2.95, -2.66, -2.27, -2.90, -2.90, -2.59, -2.07, -2.07, 4124.46885, 00212.32875, 4.6, 1
2020-10-09, 13:03:55, 436000000, 436050000, 6250.00, 334096, -2.74, -2.89, -2.63, -2.20, -2.75, -2.75, -2.62, -2.29, -2.29, 4124.46877, 00212.33034, 4.7, 1
2020-10-09, 13:03:56, 436000000, 436050000, 6250.00, 328776, -2.69, -2.77, -2.81, -2.42, -2.69, -2.69, -2.59, -2.61, -2.61, 4124.46938, 00212.33259, 4.9, 1
2020-10-09, 13:03:57, 436000000, 436050000, 6250.00, 327712, -2.53, -2.90, -2.71, -2.16, -2.76, -2.76, -2.55, -2.32, -2.32, 4124.47046, 00212.33642, 4.8, 1
2020-10-09, 13:03:58, 436000000, 436050000, 6250.00, 329840, -2.75, -2.80, -2.65, -2.26, -2.84, -2.84, -2.51, -2.37, -2.37, 4124.47185, 00212.34126, 5.1, 1
2020-10-09, 13:03:59, 436000000, 436050000, 6250.00, 329840, -2.56, -3.03, -2.39, -2.17, -3.00, -3.00, -2.52, -2.23, -2.23, 4124.47361, 00212.34739, 5.2, 1
2020-10-09, 13:04:00, 436000000, 436050000, 6250.00, 329840, -2.69, -3.03, -2.59, -2.23, -2.82, -2.82, -2.56, -2.38, -2.38, 4124.47545, 00212.35397, 5.5, 1
2020-10-09, 13:04:01, 436000000, 436050000, 6250.00, 327712, -2.67, -2.93, -2.49, -2.11, -3.02, -3.02, -2.57, -2.17, -2.17, 4124.47741, 00212.36162, 5.6, 1
2020-10-09, 13:04:02, 436000000, 436050000, 6250.00, 329840, -2.39, -2.62, -2.37, -3.20, -2.42, -2.42, -2.70, -2.85, -2.85, 4124.47941, 00212.36972, 5.7, 1
2020-10-09, 13:04:03, 436000000, 436050000, 6250.00, 325584, -2.46, -2.67, -2.62, -2.34, -2.84, -2.84, -2.82, -2.45, -2.45, 4124.48158, 00212.37811, 5.4, 1
2020-10-09, 13:04:12, 436000000, 436050000, 6250.00, 326648, -2.62, -2.75, -2.47, -2.31, -2.84, -2.84, -2.60, -2.29, -2.29, 4124.50384, 00212.46631, 4.4, 1
2020-10-09, 13:04:13, 436000000, 436050000, 6250.00, 328776, -2.69, -3.18, -2.69, -1.77, -3.16, -3.16, -2.57, -2.13, -2.13, 4124.50632, 00212.47685, 4.2, 1
2020-10-09, 13:04:14, 436000000, 436050000, 6250.00, 326648, -2.79, -3.06, -2.64, -2.05, -3.08, -3.08, -2.64, -2.27, -2.27, 4124.50955, 00212.48796, 5.4, 1
2020-10-09, 13:04:15, 436000000, 436050000, 6250.00, 337288, -2.72, -2.97, -2.56, -2.17, -2.90, -2.90, -2.54, -2.34, -2.34, 4124.51178, 00212.49861, 4.3, 1
2020-10-09, 13:04:16, 436000000, 436050000, 6250.00, 334096, -2.81, -3.27, -2.76, -2.02, -3.23, -3.23, -2.65, -2.14, -2.14, 4124.51506, 00212.50972, 4.4, 1
2020-10-09, 13:04:17, 436000000, 436050000, 6250.00, 323456, -2.66, -2.89, -2.57, -2.29, -2.88, -2.88, -2.68, -2.20, -2.20, 4124.51768, 00212.52102, 4.3, 1
2020-10-09, 13:04:18, 436000000, 436050000, 6250.00, 330904, -2.41, -2.41, -2.53, -3.05, -2.22, -2.22, -2.58, -2.93, -2.93, 4124.51988, 00212.53246, 4.3, 1
2020-10-09, 13:04:19, 436000000, 436050000, 6250.00, 324520, -2.39, -1.78, -2.51, -3.82, -1.85, -1.85, -2.58, -3.31, -3.31, 4124.52263, 00212.54351, 4.4, 1
2020-10-09, 13:04:20, 436000000, 436050000, 6250.00, 327712, -2.19, -1.39, -2.52, -4.15, -1.68, -1.68, -2.44, -3.78, -3.78, 4124.52548, 00212.55526, 4.6, 1
2020-10-09, 13:04:21, 436000000, 436050000, 6250.00, 330904, -2.89, -0.14, -3.71, -4.83, -0.91, -0.91, -2.43, -4.63, -4.63, 4124.52822, 00212.56641, 4.3, 1
2020-10-09, 13:04:22, 436000000, 436050000, 6250.00, 326648, -2.42, -0.98, -2.96, -4.41, -1.40, -1.40, -2.36, -4.28, -4.28, 4124.53079, 00212.57719, 4.2, 1
2020-10-09, 13:04:23, 436000000, 436050000, 6250.00, 330904, -2.36, -1.85, -2.63, -3.89, -1.70, -1.70, -2.50, -3.30, -3.30, 4124.53351, 00212.58795, 4.3, 1
2020-10-09, 13:04:24, 436000000, 436050000, 6250.00, 324520, -2.32, -2.05, -2.35, -3.75, -2.06, -2.06, -2.61, -3.02, -3.02, 4124.53619, 00212.59890, 4.3, 1
2020-10-09, 13:04:25, 436000000, 436050000, 6250.00, 330904, -2.46, -2.46, -2.67, -2.93, -2.27, -2.27, -2.62, -2.72, -2.72, 4124.53933, 00212.61065, 4.3, 1
2020-10-09, 13:04:26, 436000000, 436050000, 6250.00, 326648, -2.34, -2.81, -2.43, -2.70, -2.47, -2.47, -2.76, -2.58, -2.58, 4124.54204, 00212.62158, 4.1, 1
2020-10-09, 13:04:27, 436000000, 436050000, 6250.00, 328776, -2.58, -2.97, -2.46, -2.33, -2.82, -2.82, -2.74, -2.42, -2.42, 4124.54484, 00212.63181, 3.9, 1
2020-10-09, 13:04:28, 436000000, 436050000, 6250.00, 328776, -2.57, -2.74, -2.16, -2.52, -2.75, -2.75, -2.69, -2.25, -2.25, 4124.54751, 00212.64235, 4.0, 1
2020-10-09, 13:04:29, 436000000, 436050000, 6250.00, 329840, -2.15, -2.36, -2.21, -3.64, -2.19, -2.19, -2.74, -3.15, -3.15, 4124.55007, 00212.65261, 3.9, 1
2020-10-09, 13:04:30, 436000000, 436050000, 6250.00, 328776, -2.43, -2.52, -2.31, -3.06, -2.42, -2.42, -2.67, -2.64, -2.64, 4124.55249, 00212.66157, 3.3, 1
2020-10-09, 13:04:31, 436000000, 436050000, 6250.00, 322392, -2.40, -2.57, -2.57, -3.63, -2.29, -2.29, -2.56, -2.91, -2.91, 4124.55392, 00212.66937, 3.0, 1
2020-10-09, 13:04:32, 436000000, 436050000, 6250.00, 327712, -2.67, -1.64, -2.78, -4.00, -2.11, -2.11, -2.55, -3.04, -3.04, 4124.55538, 00212.67539, 2.5, 1
2020-10-09, 13:04:33, 436000000, 436050000, 6250.00, 322392, -2.54, -1.18, -2.10, -3.87, -1.81, -1.81, -2.45, -2.98, -2.98, 4124.55626, 00212.67900, 2.1, 1
2020-10-09, 13:04:34, 436000000, 436050000, 6250.00, 324520, -2.63, -1.50, -1.34, -3.63, -2.15, -2.15, -3.33, -4.13, -4.13, 4124.55665, 00212.68064, 2.1, 1
2020-10-09, 13:04:35, 436000000, 436050000, 6250.00, 331968, -3.04, -2.42, -0.84, -3.43, -3.20, -3.20, -4.26, -4.14, -4.14, 4124.55654, 00212.68021, 2.2, 1
2020-10-09, 13:04:36, 436000000, 436050000, 6250.00, 329840, -3.31, -2.16, 0.47, -3.14, -1.45, -1.45, -2.27, -3.72, -3.72, 4124.55656, 00212.68019, 2.3, 1
2020-10-09, 13:04:37, 436000000, 436050000, 6250.00, 316008, -3.72, -2.23, 0.53, -3.27, -1.79, -1.79, -2.66, -3.76, -3.76, 4124.55670, 00212.68059, 2.4, 1
2020-10-09, 13:04:38, 436000000, 436050000, 6250.00, 334096, -2.56, -3.30, -2.94, -3.78, -4.42, -4.42, -4.25, -3.96, -3.96, 4124.55670, 00212.68059, 2.4, 1
2020-10-09, 13:04:39, 436000000, 436050000, 6250.00, 326648, -3.35, -1.91, 0.12, -3.34, -2.38, -2.38, -3.63, -3.99, -3.99, 4124.55670, 00212.68059, 2.4, 1
2020-10-09, 13:04:40, 436000000, 436050000, 6250.00, 330904, -3.88, -2.10, 1.01, -2.97, -1.01, -1.01, -1.85, -3.65, -3.65, 4124.55670, 00212.68059, 2.4, 1
2020-10-09, 13:04:41, 436000000, 436050000, 6250.00, 327712, -3.58, -1.92, 0.67, -3.15, -1.61, -1.61, -2.61, -3.77, -3.77, 4124.55670, 00212.68059, 2.4, 1
2020-10-09, 13:04:42, 436000000, 436050000, 6250.00, 324520, -0.35, -1.40, -1.28, -3.26, -1.79, -1.79, -2.22, -3.63, -3.63, 4124.55670, 00212.68059, 2.4, 1
2020-10-09, 13:04:43, 436000000, 436050000, 6250.00, 325584, -0.63, -0.47, -2.31, -4.21, -1.94, -1.94, -4.11, -4.64, -4.64, 4124.55721, 00212.68121, 3.3, 1
2020-10-09, 13:04:44, 436000000, 436050000, 6250.00, 328776, -0.26, -1.85, -0.39, -2.66, -1.73, -1.73, -1.51, -2.99, -2.99, 4124.55721, 00212.68121, 3.3, 1
2020-10-09, 13:04:45, 436000000, 436050000, 6250.00, 325584, -0.28, -2.66, -0.36, -2.47, -1.22, -1.22, -0.76, -2.94, -2.94, 4124.55722, 00212.68112, 3.4, 1
2020-10-09, 13:04:46, 436000000, 436050000, 6250.00, 327712, -3.28, -2.30, 0.16, -3.06, -1.58, -1.58, -2.53, -3.83, -3.83, 4124.55720, 00212.68102, 3.4, 1
2020-10-09, 13:04:47, 436000000, 436050000, 6250.00, 325584, -2.74, -2.39, -1.24, -3.34, -3.73, -3.73, -4.73, -4.19, -4.19, 4124.55719, 00212.68097, 3.4, 1
2020-10-09, 13:04:48, 436000000, 436050000, 6250.00, 323456, -2.90, -2.52, -1.33, -3.42, -3.39, -3.39, -4.25, -4.09, -4.09, 4124.55709, 00212.68058, 3.4, 1
2020-10-09, 13:04:49, 436000000, 436050000, 6250.00, 327712, -2.98, -2.30, -0.83, -3.08, -2.47, -2.47, -3.13, -4.01, -4.01, 4124.55706, 00212.68039, 3.5, 1
2020-10-09, 13:04:50, 436000000, 436050000, 6250.00, 329840, -2.93, -2.32, 0.13, -3.16, -1.86, -1.86, -2.54, -3.80, -3.80, 4124.55706, 00212.68039, 3.5, 1
2020-10-09, 13:04:51, 436000000, 436050000, 6250.00, 328776, -2.86, -2.82, -1.86, -3.95, -2.95, -2.95, -2.91, -2.95, -2.95, 4124.55706, 00212.68039, 3.5, 1
2020-10-09, 13:04:52, 436000000, 436050000, 6250.00, 325584, -2.11, -1.62, -1.44, -4.10, -2.16, -2.16, -2.96, -4.20, -4.20, 4124.55706, 00212.68039, 3.5, 1
2020-10-09, 13:04:53, 436000000, 436050000, 6250.00, 325584, -1.72, -2.31, -1.08, -3.16, -2.61, -2.61, -2.86, -3.75, -3.75, 4124.55706, 00212.68039, 3.5, 1
2020-10-09, 13:04:54, 436000000, 436050000, 6250.00, 340480, -2.43, -2.51, -0.12, -3.11, -1.99, -1.99, -2.42, -3.68, -3.68, 4124.55706, 00212.68039, 3.5, 1
2020-10-09, 13:04:55, 436000000, 436050000, 6250.00, 323456, -0.73, -1.71, -0.85, -3.25, -1.71, -1.71, -2.10, -3.73, -3.73, 4124.55725, 00212.68056, 3.5, 1
2020-10-09, 13:04:56, 436000000, 436050000, 6250.00, 324520, -2.39, -2.41, 0.36, -3.02, -1.54, -1.54, -2.03, -3.57, -3.57, 4124.55727, 00212.68063, 3.5, 1
2020-10-09, 13:04:57, 436000000, 436050000, 6250.00, 323456, -2.88, -2.17, 0.24, -3.07, -1.89, -1.89, -2.68, -3.80, -3.80, 4124.55734, 00212.68086, 3.4, 1
2020-10-09, 13:04:58, 436000000, 436050000, 6250.00, 317072, -0.96, -1.82, -0.25, -2.90, -1.47, -1.47, -1.82, -3.26, -3.26, 4124.55735, 00212.68097, 3.4, 1
2020-10-09, 13:04:59, 436000000, 436050000, 6250.00, 326648, -0.59, -1.61, -0.45, -2.92, -1.40, -1.40, -1.73, -3.37, -3.37, 4124.55736, 00212.68111, 3.4, 1
2020-10-09, 13:05:00, 436000000, 436050000, 6250.00, 325584, -1.80, -2.51, 0.46, -2.84, -1.06, -1.06, -1.37, -3.36, -3.36, 4124.55739, 00212.68117, 3.3, 1
2020-10-09, 13:05:01, 436000000, 436050000, 6250.00, 326648, -1.40, -2.08, 0.33, -2.90, -1.18, -1.18, -1.68, -3.35, -3.35, 4124.55743, 00212.68131, 3.3, 1
2020-10-09, 13:05:02, 436000000, 436050000, 6250.00, 323456, -3.25, -2.25, 0.86, -2.83, -1.09, -1.09, -1.62, -3.55, -3.55, 4124.55743, 00212.68134, 3.3, 1
2020-10-09, 13:05:03, 436000000, 436050000, 6250.00, 330904, -1.05, -1.79, -0.42, -3.11, -2.31, -2.31, -2.73, -3.58, -3.58, 4124.55746, 00212.68151, 3.3, 1
2020-10-09, 13:05:04, 436000000, 436050000, 6250.00, 328776, -3.81, -2.08, 0.86, -3.11, -1.46, -1.46, -2.55, -3.63, -3.63, 4124.55744, 00212.68138, 3.2, 1
2020-10-09, 13:05:05, 436000000, 436050000, 6250.00, 334096, -3.39, -2.18, 0.88, -2.95, -1.14, -1.14, -2.00, -3.58, -3.58, 4124.55747, 00212.68141, 3.2, 1
2020-10-09, 13:05:06, 436000000, 436050000, 6250.00, 323456, -3.44, -2.04, 0.23, -3.40, -2.28, -2.28, -3.43, -3.92, -3.92, 4124.55733, 00212.68100, 3.2, 1
2020-10-09, 13:05:07, 436000000, 436050000, 6250.00, 328776, -2.99, -2.45, -0.32, -3.35, -2.54, -2.54, -3.40, -3.97, -3.97, 4124.55723, 00212.68077, 3.2, 1
2020-10-09, 13:05:08, 436000000, 436050000, 6250.00, 327712, -2.50, -3.55, -3.83, -3.61, -4.65, -4.65, -4.23, -3.89, -3.89, 4124.55723, 00212.68077, 3.2, 1
2020-10-09, 13:05:09, 436000000, 436050000, 6250.00, 331968, -2.25, -2.50, -2.59, -3.56, -2.29, -2.29, -2.42, -2.54, -2.54, 4124.55718, 00212.68036, 3.1, 1
2020-10-09, 13:05:10, 436000000, 436050000, 6250.00, 329840, -2.17, -2.36, -2.46, -3.76, -2.00, -2.00, -2.52, -2.98, -2.98, 4124.55705, 00212.68020, 3.2, 1
2020-10-09, 13:05:11, 436000000, 436050000, 6250.00, 326648, -2.33, -2.26, -2.01, -3.88, -2.36, -2.36, -2.73, -3.51, -3.51, 4124.55744, 00212.68141, 3.2, 1
2020-10-09, 13:05:12, 436000000, 436050000, 6250.00, 322392, -2.14, -1.86, -2.37, -3.68, -2.28, -2.28, -2.50, -3.21, -3.21, 4124.55761, 00212.68455, 3.4, 1
2020-10-09, 13:05:13, 436000000, 436050000, 6250.00, 325584, -2.25, -2.40, -2.19, -3.60, -2.15, -2.15, -2.56, -2.98, -2.98, 4124.55861, 00212.68877, 3.6, 1
2020-10-09, 13:05:14, 436000000, 436050000, 6250.00, 324520, -2.31, -1.91, -2.40, -3.70, -1.73, -1.73, -2.37, -3.54, -3.54, 4124.55992, 00212.69412, 3.9, 1
2020-10-09, 13:05:15, 436000000, 436050000, 6250.00, 326648, -2.35, -2.05, -2.40, -3.60, -1.72, -1.72, -2.42, -3.47, -3.47, 4124.56153, 00212.70057, 4.1, 1
2020-10-09, 13:05:16, 436000000, 436050000, 6250.00, 320264, -1.58, -2.28, -1.71, -3.94, -2.14, -2.14, -2.68, -3.77, -3.77, 4124.56333, 00212.70769, 4.3, 1
2020-10-09, 13:05:17, 436000000, 436050000, 6250.00, 335160, -2.16, -2.46, -2.16, -3.87, -2.25, -2.25, -2.69, -3.34, -3.34, 4124.56522, 00212.71525, 4.3, 1
2020-10-09, 13:05:18, 436000000, 436050000, 6250.00, 324520, -2.38, -2.61, -2.16, -3.21, -2.40, -2.40, -2.58, -2.49, -2.49, 4124.56717, 00212.72309, 4.4, 1
2020-10-09, 13:05:19, 436000000, 436050000, 6250.00, 335160, -2.14, -2.40, -1.96, -3.95, -2.29, -2.29, -2.71, -3.20, -3.20, 4124.56902, 00212.73069, 4.4, 1
2020-10-09, 13:05:20, 436000000, 436050000, 6250.00, 328776, -2.03, -1.91, -2.42, -4.25, -1.89, -1.89, -2.51, -3.73, -3.73, 4124.57097, 00212.73851, 4.6, 1
2020-10-09, 13:05:21, 436000000, 436050000, 6250.00, 326648, -2.39, -2.02, -2.44, -3.94, -2.11, -2.11, -2.57, -3.42, -3.42, 4124.57291, 00212.74615, 4.6, 1
2020-10-09, 13:05:22, 436000000, 436050000, 6250.00, 327712, -2.40, -2.47, -2.52, -3.03, -2.52, -2.52, -2.67, -2.69, -2.69, 4124.57467, 00212.75321, 4.6, 1
2020-10-09, 13:05:23, 436000000, 436050000, 6250.00, 325584, -2.41, -2.01, -2.42, -3.71, -2.02, -2.02, -2.44, -3.04, -3.04, 4124.57645, 00212.76040, 4.3, 1
2020-10-09, 13:05:24, 436000000, 436050000, 6250.00, 324520, -2.24, -2.29, -2.25, -3.52, -2.04, -2.04, -2.61, -2.95, -2.95, 4124.57826, 00212.76735, 4.1, 1
2020-10-09, 13:05:25, 436000000, 436050000, 6250.00, 329840, -2.37, -2.28, -2.51, -3.22, -2.28, -2.28, -2.49, -2.92, -2.92, 4124.57993, 00212.77381, 3.9, 1
2020-10-09, 13:05:26, 436000000, 436050000, 6250.00, 330904, -2.66, -2.41, -2.67, -3.07, -2.40, -2.40, -2.52, -2.91, -2.91, 4124.58137, 00212.77933, 3.5, 1
2020-10-09, 13:05:27, 436000000, 436050000, 6250.00, 324520, -2.55, -1.92, -2.54, -3.11, -2.01, -2.01, -2.40, -2.91, -2.91, 4124.58258, 00212.78398, 3.4, 1
2020-10-09, 13:05:28, 436000000, 436050000, 6250.00, 318136, -2.66, -1.46, -2.81, -3.41, -2.17, -2.17, -2.73, -3.36, -3.36, 4124.58343, 00212.78726, 3.1, 1
2020-10-09, 13:05:29, 436000000, 436050000, 6250.00, 329840, -2.47, -1.80, -2.60, -3.36, -2.25, -2.25, -2.73, -2.95, -2.95, 4124.58403, 00212.78951, 2.9, 1
2020-10-09, 13:05:30, 436000000, 436050000, 6250.00, 325584, -2.58, -2.07, -2.36, -2.98, -2.06, -2.06, -2.71, -3.43, -3.43, 4124.58420, 00212.79027, 2.8, 1
2020-10-09, 13:05:31, 436000000, 436050000, 6250.00, 327712, -2.96, -2.66, -2.61, -2.36, -2.36, -2.36, -2.75, -3.04, -3.04, 4124.58436, 00212.79045, 2.9, 1
2020-10-09, 13:05:32, 436000000, 436050000, 6250.00, 325584, -2.56, -0.32, -3.21, -4.52, -1.74, -1.74, -2.76, -4.40, -4.40, 4124.58448, 00212.79025, 2.8, 1
2020-10-09, 13:05:33, 436000000, 436050000, 6250.00, 330904, -2.42, -0.72, -2.51, -4.44, -1.53, -1.53, -2.65, -4.42, -4.42, 4124.58469, 00212.79055, 2.8, 1
2020-10-09, 13:05:34, 436000000, 436050000, 6250.00, 328776, -2.75, -0.60, -3.26, -4.33, -1.58, -1.58, -2.58, -4.31, -4.31, 4124.58538, 00212.79271, 2.9, 1
2020-10-09, 13:05:35, 436000000, 436050000, 6250.00, 330904, -2.40, -0.87, -2.97, -4.56, -1.59, -1.59, -2.52, -4.70, -4.70, 4124.58565, 00212.79595, 3.1, 1
2020-10-09, 13:05:36, 436000000, 436050000, 6250.00, 324520, -2.06, -0.92, -2.76, -4.37, -0.95, -0.95, -2.38, -4.36, -4.36, 4124.58668, 00212.80031, 3.2, 1
2020-10-09, 13:05:37, 436000000, 436050000, 6250.00, 333032, -2.35, -0.84, -2.61, -4.45, -1.38, -1.38, -2.64, -4.16, -4.16, 4124.58797, 00212.80550, 3.4, 1
2020-10-09, 13:05:38, 436000000, 436050000, 6250.00, 328776, -2.45, -0.83, -2.64, -4.37, -1.82, -1.82, -2.73, -4.18, -4.18, 4124.58970, 00212.81260, 3.4, 1
2020-10-09, 13:05:39, 436000000, 436050000, 6250.00, 329840, -1.97, -1.56, -2.31, -4.25, -1.62, -1.62, -2.49, -4.24, -4.24, 4124.59162, 00212.82032, 3.9, 1
2020-10-09, 13:05:40, 436000000, 436050000, 6250.00, 330904, -2.03, -1.50, -2.63, -4.39, -1.51, -1.51, -2.56, -4.53, -4.53, 4124.59356, 00212.82809, 3.8, 1
2020-10-09, 13:05:41, 436000000, 436050000, 6250.00, 328776, -2.51, -1.16, -2.60, -4.38, -1.48, -1.48, -2.68, -4.20, -4.20, 4124.59631, 00212.83724, 4.1, 1
2020-10-09, 13:05:42, 436000000, 436050000, 6250.00, 330904, -2.55, -1.32, -2.58, -4.20, -1.73, -1.73, -2.71, -4.05, -4.05, 4124.59945, 00212.84648, 4.3, 1
2020-10-09, 13:05:43, 436000000, 436050000, 6250.00, 326648, -2.21, -1.65, -2.53, -4.37, -1.97, -1.97, -3.02, -4.41, -4.41, 4124.60243, 00212.85607, 5.1, 1
2020-10-09, 13:05:44, 436000000, 436050000, 6250.00, 329840, -2.68, -1.29, -3.52, -4.62, -1.62, -1.62, -2.47, -4.39, -4.39, 4124.60519, 00212.86590, 5.0, 1
2020-10-09, 13:05:45, 436000000, 436050000, 6250.00, 328776, -3.63, -0.26, -4.18, -5.24, -1.51, -1.51, -3.07, -5.09, -5.09, 4124.60785, 00212.87595, 4.9, 1
2020-10-09, 13:05:46, 436000000, 436050000, 6250.00, 324520, -3.18, -0.44, -3.94, -4.88, -1.56, -1.56, -2.89, -4.84, -4.84, 4124.61038, 00212.88589, 4.8, 1
2020-10-09, 13:05:47, 436000000, 436050000, 6250.00, 324520, -4.50, 0.37, -4.83, -5.68, -1.62, -1.62, -3.56, -5.40, -5.40, 4124.61268, 00212.89547, 4.7, 1
2020-10-09, 13:05:48, 436000000, 436050000, 6250.00, 323456, -2.35, -1.05, -2.91, -4.48, -2.25, -2.25, -2.75, -4.42, -4.42, 4124.61489, 00212.90472, 4.6, 1
2020-10-09, 13:05:49, 436000000, 436050000, 6250.00, 333032, -2.74, -0.51, -3.45, -4.28, -0.79, -0.79, -2.41, -4.29, -4.29, 4124.61700, 00212.91406, 5.0, 1
2020-10-09, 13:05:50, 436000000, 436050000, 6250.00, 333032, -2.51, -1.28, -2.86, -4.00, -1.74, -1.74, -2.30, -3.80, -3.80, 4124.61908, 00212.92287, 4.9, 1
2020-10-09, 13:05:51, 436000000, 436050000, 6250.00, 325584, -2.38, -1.02, -2.87, -4.19, -1.22, -1.22, -2.34, -4.10, -4.10, 4124.62124, 00212.93080, 4.7, 1
2020-10-09, 13:05:52, 436000000, 436050000, 6250.00, 327712, -2.69, -0.71, -2.95, -4.14, -1.32, -1.32, -2.58, -4.21, -4.21, 4124.62297, 00212.93816, 4.4, 1
2020-10-09, 13:05:53, 436000000, 436050000, 6250.00, 330904, -2.48, -1.09, -2.83, -4.03, -1.15, -1.15, -2.60, -4.17, -4.17, 4124.62429, 00212.94509, 4.1, 1
2020-10-09, 13:05:54, 436000000, 436050000, 6250.00, 331968, -3.32, 0.46, -3.23, -4.80, -2.63, -2.63, -3.44, -4.67, -4.67, 4124.62550, 00212.95105, 3.8, 1
2020-10-09, 13:05:55, 436000000, 436050000, 6250.00, 328776, -4.84, 1.51, -4.97, -5.92, -2.76, -2.76, -4.39, -6.01, -6.01, 4124.62604, 00212.95718, 3.5, 1
2020-10-09, 13:05:56, 436000000, 436050000, 6250.00, 327712, -2.87, -0.27, -3.40, -5.00, -1.95, -1.95, -3.25, -4.88, -4.88, 4124.62665, 00212.96105, 3.2, 1
2020-10-09, 13:05:57, 436000000, 436050000, 6250.00, 328776, -3.44, 0.23, -3.95, -4.86, -1.72, -1.72, -2.71, -4.66, -4.66, 4124.62712, 00212.96329, 3.2, 1
2020-10-09, 13:05:58, 436000000, 436050000, 6250.00, 328776, -5.29, 2.40, -3.83, -5.48, -2.40, -2.40, -4.44, -5.74, -5.74, 4124.62656, 00212.96516, 3.0, 1
2020-10-09, 13:05:59, 436000000, 436050000, 6250.00, 325584, -3.94, 0.71, -4.01, -4.62, -0.69, -0.69, -1.95, -4.66, -4.66, 4124.62620, 00212.96545, 3.0, 1
2020-10-09, 13:06:00, 436000000, 436050000, 6250.00, 333032, -5.09, 0.55, -4.87, -5.53, -1.52, -1.52, -3.26, -5.62, -5.62, 4124.62625, 00212.96592, 3.0, 1
2020-10-09, 13:06:01, 436000000, 436050000, 6250.00, 341544, -4.52, 0.75, -4.22, -4.82, -0.49, -0.49, -3.01, -5.00, -5.00, 4124.62634, 00212.96618, 3.0, 1
2020-10-09, 13:06:02, 436000000, 436050000, 6250.00, 342608, -11.28, 0.08, -10.83, -13.43, -14.16, -14.16, -13.97, -13.27, -13.27, 4124.62674, 00212.96643, 3.1, 1
2020-10-09, 13:06:03, 436000000, 436050000, 6250.00, 338352, -8.21, 1.96, -6.98, -9.15, -7.22, -7.22, -8.89, -9.29, -9.29, 4124.62673, 00212.96675, 3.1, 1
2020-10-09, 13:06:04, 436000000, 436050000, 6250.00, 338352, -3.07, 0.55, -3.45, -4.79, -1.29, -1.29, -3.21, -4.97, -4.97, 4124.62684, 00212.96694, 3.1, 1
2020-10-09, 13:06:05, 436000000, 436050000, 6250.00, 329840, -3.96, -1.47, -4.32, -5.66, -2.33, -2.33, -3.78, -5.56, -5.56, 4124.62702, 00212.96736, 3.2, 1
2020-10-09, 13:06:06, 436000000, 436050000, 6250.00, 328776, -14.91, -14.76, -15.97, -16.30, -16.17, -16.17, -16.26, -15.90, -15.90, 4124.62757, 00212.97036, 3.3, 1
2020-10-09, 13:06:07, 436000000, 436050000, 6250.00, 329840, -9.19, -8.36, -12.16, -13.35, -12.32, -12.32, -12.70, -11.88, -11.88, 4124.62814, 00212.97412, 3.4, 1
2020-10-09, 13:06:08, 436000000, 436050000, 6250.00, 333032, -7.57, -6.18, -9.37, -10.35, -9.61, -9.61, -9.85, -9.77, -9.77, 4124.63000, 00212.97857, 3.7, 1
2020-10-09, 13:06:09, 436000000, 436050000, 6250.00, 328776, -12.23, -12.92, -13.74, -13.75, -13.65, -13.65, -13.66, -13.19, -13.19, 4124.63437, 00212.98306, 3.9, 1
2020-10-09, 13:06:10, 436000000, 436050000, 6250.00, 333032, -12.73, -13.47, -14.13, -14.13, -13.98, -13.98, -13.87, -13.62, -13.62, 4124.63360, 00212.99098, 4.0, 1
2020-10-09, 13:06:11, 436000000, 436050000, 6250.00, 335160, -16.33, -16.63, -16.82, -16.80, -16.58, -16.58, -16.65, -16.73, -16.73, 4124.63530, 00212.99870, 4.1, 1
2020-10-09, 13:06:12, 436000000, 436050000, 6250.00, 330904, -15.72, -16.27, -17.04, -17.09, -16.89, -16.89, -16.90, -16.38, -16.38, 4124.63733, 00213.00750, 4.2, 1
2020-10-09, 13:06:13, 436000000, 436050000, 6250.00, 328776, -16.88, -17.22, -17.24, -17.09, -17.15, -17.15, -17.24, -17.25, -17.25, 4124.63953, 00213.01681, 4.4, 1
2020-10-09, 13:06:14, 436000000, 436050000, 6250.00, 327712, -16.51, -17.12, -17.40, -17.27, -17.23, -17.23, -17.14, -17.20, -17.20, 4124.64474, 00213.02516, 4.4, 1
2020-10-09, 13:06:15, 436000000, 436050000, 6250.00, 326648, -16.74, -17.37, -17.40, -17.27, -17.24, -17.24, -17.36, -17.22, -17.22, 4124.64711, 00213.03478, 4.4, 1
2020-10-09, 13:06:16, 436000000, 436050000, 6250.00, 327712, -12.05, -8.96, -12.10, -13.31, -10.09, -10.09, -11.60, -13.19, -13.19, 4124.64572, 00213.04593, 4.4, 1
2020-10-09, 13:06:17, 436000000, 436050000, 6250.00, 327712, -2.37, -0.99, -2.82, -4.58, -1.47, -1.47, -2.70, -4.55, -4.55, 4124.64835, 00213.05653, 4.3, 1
2020-10-09, 13:06:18, 436000000, 436050000, 6250.00, 327712, -3.14, 0.22, -3.73, -5.14, -1.06, -1.06, -2.54, -5.11, -5.11, 4124.65101, 00213.06670, 4.1, 1
2020-10-09, 13:06:19, 436000000, 436050000, 6250.00, 326648, -2.64, -0.44, -3.69, -4.85, -0.93, -0.93, -2.65, -4.66, -4.66, 4124.65387, 00213.07710, 4.3, 1
2020-10-09, 13:06:20, 436000000, 436050000, 6250.00, 322392, -4.06, 1.01, -4.35, -5.52, -0.51, -0.51, -2.93, -5.51, -5.51, 4124.66009, 00213.08596, 4.1, 1
2020-10-09, 13:06:21, 436000000, 436050000, 6250.00, 331968, -4.73, 1.46, -4.50, -5.67, -0.34, -0.34, -3.35, -5.74, -5.74, 4124.66273, 00213.09634, 3.5, 1
2020-10-09, 13:06:22, 436000000, 436050000, 6250.00, 326648, -3.28, 0.48, -4.11, -5.55, -1.36, -1.36, -2.74, -5.43, -5.43, 4124.66532, 00213.10638, 3.2, 1
2020-10-09, 13:06:23, 436000000, 436050000, 6250.00, 329840, -3.30, -0.07, -4.36, -5.49, -1.31, -1.31, -2.70, -5.41, -5.41, 4124.66763, 00213.11613, 3.0, 1
2020-10-09, 13:06:24, 436000000, 436050000, 6250.00, 328776, -3.08, -0.05, -3.76, -5.35, -1.31, -1.31, -2.85, -5.30, -5.30, 4124.66935, 00213.12405, 2.9, 1
2020-10-09, 13:06:25, 436000000, 436050000, 6250.00, 328776, -3.66, 0.37, -4.21, -5.47, -1.41, -1.41, -2.84, -5.39, -5.39, 4124.67091, 00213.13183, 2.8, 1
2020-10-09, 13:06:26, 436000000, 436050000, 6250.00, 327712, -3.15, 0.18, -3.93, -5.26, -1.59, -1.59, -3.35, -5.32, -5.32, 4124.67219, 00213.13821, 2.8, 1
2020-10-09, 13:06:27, 436000000, 436050000, 6250.00, 329840, -5.17, 1.24, -5.10, -6.40, -2.50, -2.50, -4.63, -6.45, -6.45, 4124.67394, 00213.14256, 3.0, 1
2020-10-09, 13:06:28, 436000000, 436050000, 6250.00, 327712, -5.19, 1.25, -4.86, -6.07, -2.02, -2.02, -4.12, -5.92, -5.92, 4124.67060, 00213.14759, 3.4, 1
2020-10-09, 13:06:29, 436000000, 436050000, 6250.00, 319200, -4.26, 1.49, -4.12, -4.98, 0.03, 0.03, -3.72, -5.14, -5.14, 4124.67069, 00213.14980, 3.1, 1
2020-10-09, 13:06:30, 436000000, 436050000, 6250.00, 329840, -9.49, 3.46, -7.48, -10.59, -11.57, -11.57, -11.55, -11.44, -11.44, 4124.67009, 00213.15007, 2.8, 1
2020-10-09, 13:06:31, 436000000, 436050000, 6250.00, 319200, -5.73, 3.42, -4.16, -6.19, -3.74, -3.74, -5.06, -6.32, -6.32, 4124.67021, 00213.14985, 2.7, 1
2020-10-09, 13:06:32, 436000000, 436050000, 6250.00, 328776, -6.01, 4.12, -4.39, -6.52, -4.92, -4.92, -5.74, -6.80, -6.80, 4124.67019, 00213.14923, 2.6, 1
2020-10-09, 13:06:33, 436000000, 436050000, 6250.00, 327712, -7.08, 4.51, -5.27, -7.62, -7.56, -7.56, -7.52, -7.97, -7.97, 4124.67020, 00213.14878, 2.7, 1
2020-10-09, 13:06:34, 436000000, 436050000, 6250.00, 322392, -6.41, 4.54, -4.86, -7.12, -6.79, -6.79, -6.96, -7.49, -7.49, 4124.67025, 00213.14831, 2.7, 1
2020-10-09, 13:06:35, 436000000, 436050000, 6250.00, 321328, -6.55, 4.49, -4.97, -7.20, -6.91, -6.91, -7.10, -7.60, -7.60, 4124.67038, 00213.14828, 2.8, 1
2020-10-09, 13:06:36, 436000000, 436050000, 6250.00, 325584, -6.18, 4.40, -4.71, -7.01, -6.22, -6.22, -6.48, -7.22, -7.22, 4124.67057, 00213.14853, 3.0, 1
2020-10-09, 13:06:37, 436000000, 436050000, 6250.00, 326648, -10.56, 2.78, -8.45, -11.70, -13.00, -13.00, -12.97, -12.59, -12.59, 4124.67057, 00213.14889, 3.1, 1
2020-10-09, 13:06:38, 436000000, 436050000, 6250.00, 335160, -8.37, 4.27, -6.55, -9.19, -9.86, -9.86, -9.90, -10.02, -10.02, 4124.67057, 00213.14889, 3.1, 1
2020-10-09, 13:06:39, 436000000, 436050000, 6250.00, 323456, -3.46, 2.17, -2.39, -3.61, 0.12, 0.12, -2.35, -3.87, -3.87, 4124.67057, 00213.14889, 3.1, 1
2020-10-09, 13:06:40, 436000000, 436050000, 6250.00, 331968, -3.12, 0.93, -2.31, -3.15, 1.42, 1.42, -2.19, -3.43, -3.43, 4124.67087, 00213.14944, 3.2, 1
2020-10-09, 13:06:41, 436000000, 436050000, 6250.00, 328776, -5.16, 4.03, -3.56, -5.38, -4.16, -4.16, -4.51, -5.45, -5.45, 4124.67090, 00213.14938, 3.2, 1
2020-10-09, 13:06:42, 436000000, 436050000, 6250.00, 329840, -7.16, 4.27, -5.34, -7.94, -7.77, -7.77, -7.96, -8.24, -8.24, 4124.67090, 00213.14938, 3.2, 1
2020-10-09, 13:06:43, 436000000, 436050000, 6250.00, 322392, -7.79, 4.44, -6.05, -8.64, -9.22, -9.22, -9.38, -9.21, -9.21, 4124.67112, 00213.14943, 3.4, 1
2020-10-09, 13:06:44, 436000000, 436050000, 6250.00, 329840, -5.45, 4.32, -4.00, -5.91, -5.22, -5.22, -5.28, -6.16, -6.16, 4124.67106, 00213.14961, 3.4, 1
2020-10-09, 13:06:45, 436000000, 436050000, 6250.00, 328776, -4.62, 3.74, -3.19, -5.27, -3.36, -3.36, -3.94, -5.18, -5.18, 4124.67106, 00213.14961, 3.4, 1
2020-10-09, 13:06:46, 436000000, 436050000, 6250.00, 324520, -8.58, 4.18, -6.52, -9.58, -10.41, -10.41, -10.43, -10.42, -10.42, 4124.67106, 00213.14961, 3.4, 1
2020-10-09, 13:06:47, 436000000, 436050000, 6250.00, 328776, -11.66, 2.22, -9.37, -12.92, -14.79, -14.79, -14.50, -13.85, -13.85, 4124.67106, 00213.14961, 3.4, 1
2020-10-09, 13:06:48, 436000000, 436050000, 6250.00, 326648, -11.07, 2.91, -8.62, -12.10, -14.21, -14.21, -14.18, -13.48, -13.48, 4124.67106, 00213.14961, 3.4, 1
2020-10-09, 13:06:49, 436000000, 436050000, 6250.00, 330904, -10.22, 2.92, -7.99, -11.31, -12.58, -12.58, -12.63, -12.28, -12.28, 4124.67106, 00213.14961, 3.4, 1
2020-10-09, 13:06:50, 436000000, 436050000, 6250.00, 323456, -11.34, 2.29, -8.98, -12.62, -14.40, -14.40, -14.40, -13.66, -13.66, 4124.67106, 00213.14961, 3.4, 1
2020-10-09, 13:06:51, 436000000, 436050000, 6250.00, 321328, -9.12, 4.27, -7.16, -10.36, -11.89, -11.89, -11.65, -11.28, -11.28, 4124.67106, 00213.14961, 3.4, 1
2020-10-09, 13:06:52, 436000000, 436050000, 6250.00, 335160, -10.63, 3.21, -8.40, -11.92, -13.68, -13.68, -13.39, -12.74, -12.74, 4124.67217, 00213.14961, 3.5, 1
2020-10-09, 13:06:53, 436000000, 436050000, 6250.00, 328776, -10.95, 2.95, -8.65, -12.28, -14.28, -14.28, -14.38, -13.44, -13.44, 4124.67217, 00213.14961, 3.5, 1
2020-10-09, 13:06:54, 436000000, 436050000, 6250.00, 331968, -11.30, 2.30, -9.22, -12.82, -14.53, -14.53, -14.45, -13.67, -13.67, 4124.67217, 00213.14961, 3.5, 1
2020-10-09, 13:06:55, 436000000, 436050000, 6250.00, 322392, -8.20, 1.70, -6.60, -8.88, -5.90, -5.90, -7.48, -9.03, -9.03, 4124.67217, 00213.14961, 3.5, 1
2020-10-09, 13:06:56, 436000000, 436050000, 6250.00, 320264, -5.49, 1.12, -5.02, -6.36, -2.23, -2.23, -3.83, -6.14, -6.14, 4124.67217, 00213.14961, 3.5, 1
2020-10-09, 13:06:57, 436000000, 436050000, 6250.00, 326648, -6.24, 1.90, -5.14, -6.75, -3.32, -3.32, -5.68, -6.94, -6.94, 4124.67178, 00213.15193, 3.5, 1
2020-10-09, 13:06:58, 436000000, 436050000, 6250.00, 333032, -4.99, 1.22, -5.52, -6.91, -3.36, -3.36, -5.52, -6.25, -6.25, 4124.67146, 00213.15481, 3.6, 1
2020-10-09, 13:06:59, 436000000, 436050000, 6250.00, 326648, -5.30, 1.56, -4.65, -6.18, -2.46, -2.46, -4.57, -5.95, -5.95, 4124.67145, 00213.15854, 3.7, 1
2020-10-09, 13:07:00, 436000000, 436050000, 6250.00, 325584, -5.05, 0.72, -5.00, -5.90, -2.58, -2.58, -4.78, -5.64, -5.64, 4124.67261, 00213.16265, 3.7, 1
2020-10-09, 13:07:01, 436000000, 436050000, 6250.00, 330904, -4.16, 0.62, -4.38, -5.00, -1.54, -1.54, -3.50, -4.96, -4.96, 4124.67490, 00213.16637, 3.8, 1
2020-10-09, 13:07:02, 436000000, 436050000, 6250.00, 327712, -2.49, -1.26, -4.07, -5.12, -1.77, -1.77, -2.49, -4.89, -4.89, 4124.67760, 00213.16910, 3.8, 1
2020-10-09, 13:07:03, 436000000, 436050000, 6250.00, 333032, -3.13, -0.45, -4.21, -5.10, -1.20, -1.20, -2.53, -5.16, -5.16, 4124.68011, 00213.17067, 3.7, 1
2020-10-09, 13:07:04, 436000000, 436050000, 6250.00, 328776, -3.61, 0.49, -4.38, -5.26, -1.63, -1.63, -3.32, -5.18, -5.18, 4124.68202, 00213.17306, 3.7, 1
2020-10-09, 13:07:05, 436000000, 436050000, 6250.00, 326648, -3.50, 1.01, -3.99, -4.95, -1.03, -1.03, -2.83, -4.76, -4.76, 4124.68327, 00213.17556, 3.6, 1
2020-10-09, 13:07:06, 436000000, 436050000, 6250.00, 329840, -3.95, 0.75, -4.08, -4.81, -1.13, -1.13, -2.70, -4.67, -4.67, 4124.68785, 00213.17085, 3.6, 1
