2020-10-09, 13:08:27, 436000000, 436050000, 6250.00, 325584, -3.60, -1.09, -4.69, -4.87, -1.14, -1.14, -0.91, -4.45, -4.45, 4124.63483, 00212.93360, 3.4, 1
2020-10-09, 13:08:28, 436000000, 436050000, 6250.00, 326648, -3.70, -0.25, -4.13, -4.49, -0.02, -0.02, -0.95, -4.23, -4.23, 4124.63469, 00212.93343, 3.4, 1
2020-10-09, 13:08:29, 436000000, 436050000, 6250.00, 328776, -3.93, -0.53, -4.38, -4.87, -0.72, -0.72, -0.79, -4.42, -4.42, 4124.63457, 00212.93307, 3.6, 1
2020-10-09, 13:08:30, 436000000, 436050000, 6250.00, 329840, -3.76, -0.53, -4.26, -4.76, -0.66, -0.66, -0.85, -4.39, -4.39, 4124.63433, 00212.93270, 3.7, 1
2020-10-09, 13:08:31, 436000000, 436050000, 6250.00, 331968, -3.89, -0.26, -4.10, -4.70, -0.46, -0.46, -0.79, -4.38, -4.38, 4124.63437, 00212.93265, 3.7, 1
2020-10-09, 13:08:32, 436000000, 436050000, 6250.00, 327712, -2.64, -0.28, -3.55, -3.29, 2.12, 2.12, -2.04, -3.36, -3.36, 4124.63448, 00212.93247, 3.6, 1
2020-10-09, 13:08:33, 436000000, 436050000, 6250.00, 324520, -3.61, -0.42, -3.70, -4.13, 0.34, 0.34, -0.98, -3.94, -3.94, 4124.63450, 00212.93229, 3.7, 1
2020-10-09, 13:08:34, 436000000, 436050000, 6250.00, 330904, -2.97, -1.39, -4.50, -4.65, -0.54, -0.54, -1.25, -4.22, -4.22, 4124.63425, 00212.93228, 3.8, 1
2020-10-09, 13:08:35, 436000000, 436050000, 6250.00, 337288, -2.70, -0.15, -2.11, -2.75, 1.65, 1.65, -1.75, -2.92, -2.92, 4124.63436, 00212.93217, 3.7, 1
2020-10-09, 13:08:36, 436000000, 436050000, 6250.00, 350056, -2.40, -1.94, -2.20, -2.46, 2.51, 2.51, -1.69, -2.72, -2.72, 4124.63436, 00212.93217, 3.7, 1
2020-10-09, 13:08:37, 436000000, 436050000, 6250.00, 323456, -2.54, -0.97, -2.75, -2.85, 2.28, 2.28, -1.89, -2.95, -2.95, 4124.63436, 00212.93217, 3.7, 1
2020-10-09, 13:08:38, 436000000, 436050000, 6250.00, 328776, -3.40, -0.71, -4.13, -4.13, 0.97, 0.97, -1.99, -3.95, -3.95, 4124.63436, 00212.93217, 3.7, 1
2020-10-09, 13:08:39, 436000000, 436050000, 6250.00, 321328, -2.97, 0.39, -2.73, -3.31, 1.29, 1.29, -1.76, -3.37, -3.37, 4124.63383, 00212.93212, 3.7, 1
2020-10-09, 13:08:40, 436000000, 436050000, 6250.00, 325584, -3.34, 1.65, -2.33, -3.34, 0.23, 0.23, -2.24, -3.52, -3.52, 4124.63366, 00212.93186, 3.7, 1
2020-10-09, 13:08:41, 436000000, 436050000, 6250.00, 331968, -2.48, -0.92, -2.19, -2.72, 1.99, 1.99, -1.69, -2.80, -2.80, 4124.63352, 00212.93167, 3.6, 1
2020-10-09, 13:08:42, 436000000, 436050000, 6250.00, 334096, -2.63, -0.24, -2.39, -2.90, 1.64, 1.64, -1.91, -3.07, -3.07, 4124.63333, 00212.93170, 3.6, 1
2020-10-09, 13:08:43, 436000000, 436050000, 6250.00, 330904, -3.07, -0.82, -3.96, -3.95, 0.54, 0.54, -1.38, -3.89, -3.89, 4124.63322, 00212.93166, 3.6, 1
2020-10-09, 13:08:44, 436000000, 436050000, 6250.00, 328776, -2.83, 0.21, -2.58, -3.17, 1.44, 1.44, -1.95, -3.15, -3.15, 4124.63295, 00212.93165, 3.7, 1
2020-10-09, 13:08:45, 436000000, 436050000, 6250.00, 327712, -2.71, -0.03, -2.11, -2.76, 1.52, 1.52, -1.88, -3.00, -3.00, 4124.63380, 00212.93124, 3.7, 1
2020-10-09, 13:08:46, 436000000, 436050000, 6250.00, 329840, -3.19, 1.48, -2.09, -3.18, 0.20, 0.20, -2.15, -3.27, -3.27, 4124.63380, 00212.93125, 3.7, 1
2020-10-09, 13:08:47, 436000000, 436050000, 6250.00, 334096, -3.39, 1.66, -2.62, -3.57, 0.41, 0.41, -2.46, -3.63, -3.63, 4124.63380, 00212.93125, 3.7, 1
2020-10-09, 13:08:48, 436000000, 436050000, 6250.00, 329840, -1.94, -1.46, -2.93, -4.75, -1.91, -1.91, -2.54, -4.76, -4.76, 4124.63373, 00212.93095, 3.7, 1
2020-10-09, 13:08:49, 436000000, 436050000, 6250.00, 325584, -2.73, -0.08, -3.37, -4.40, -1.28, -1.28, -2.46, -4.40, -4.40, 4124.63364, 00212.93063, 3.8, 1
2020-10-09, 13:08:50, 436000000, 436050000, 6250.00, 333032, -2.38, -0.52, -3.39, -4.80, -1.51, -1.51, -2.74, -4.61, -4.61, 4124.63350, 00212.93007, 3.8, 1
2020-10-09, 13:08:51, 436000000, 436050000, 6250.00, 324520, -2.76, -0.20, -3.60, -4.57, -0.75, -0.75, -2.39, -4.76, -4.76, 4124.63271, 00212.92691, 3.8, 1
2020-10-09, 13:08:52, 436000000, 436050000, 6250.00, 322392, -4.40, 0.49, -4.81, -5.70, -2.27, -2.27, -3.82, -5.58, -5.58, 4124.63222, 00212.92498, 3.9, 1
2020-10-09, 13:08:53, 436000000, 436050000, 6250.00, 326648, -2.35, -0.94, -3.41, -4.52, -1.25, -1.25, -2.28, -4.48, -4.48, 4124.63168, 00212.92282, 3.9, 1
2020-10-09, 13:08:54, 436000000, 436050000, 6250.00, 328776, -2.95, 0.09, -3.49, -4.63, -1.11, -1.11, -2.64, -4.64, -4.64, 4124.63090, 00212.91974, 3.9, 1
2020-10-09, 13:08:55, 436000000, 436050000, 6250.00, 326648, -3.39, -0.22, -4.10, -4.98, -0.82, -0.82, -2.71, -4.69, -4.69, 4124.62987, 00212.91565, 4.0, 1
2020-10-09, 13:08:56, 436000000, 436050000, 6250.00, 330904, -3.59, 0.50, -3.80, -4.39, -0.69, -0.69, -2.72, -4.54, -4.54, 4124.62860, 00212.91064, 4.2, 1
2020-10-09, 13:08:57, 436000000, 436050000, 6250.00, 329840, -4.49, 0.54, -4.70, -5.23, -1.83, -1.83, -3.77, -5.27, -5.27, 4124.62719, 00212.90506, 4.2, 1
2020-10-09, 13:08:58, 436000000, 436050000, 6250.00, 331968, -4.15, 0.05, -4.18, -4.77, -0.90, -0.90, -2.92, -4.71, -4.71, 4124.62568, 00212.89898, 4.4, 1
2020-10-09, 13:08:59, 436000000, 436050000, 6250.00, 328776, -3.56, 0.17, -4.15, -5.14, -1.43, -1.43, -3.47, -5.17, -5.17, 4124.62397, 00212.89210, 4.5, 1
2020-10-09, 13:09:00, 436000000, 436050000, 6250.00, 334096, -3.73, -0.13, -4.41, -5.30, -1.45, -1.45, -3.12, -5.11, -5.11, 4124.62212, 00212.88439, 4.9, 1
2020-10-09, 13:09:01, 436000000, 436050000, 6250.00, 325584, -3.95, 0.44, -4.08, -5.12, -1.23, -1.23, -3.29, -5.01, -5.01, 4124.62008, 00212.87585, 4.8, 1
2020-10-09, 13:09:02, 436000000, 436050000, 6250.00, 329840, -6.68, 1.20, -6.31, -7.96, -4.54, -4.54, -6.70, -7.62, -7.62, 4124.61825, 00212.86645, 4.3, 1
2020-10-09, 13:09:03, 436000000, 436050000, 6250.00, 329840, -5.85, 1.33, -5.32, -6.49, -2.32, -2.32, -4.64, -6.63, -6.63, 4124.61672, 00212.85704, 4.2, 1
2020-10-09, 13:09:04, 436000000, 436050000, 6250.00, 324520, -5.96, 1.43, -5.33, -6.81, -3.36, -3.36, -5.25, -6.62, -6.62, 4124.61507, 00212.84689, 4.2, 1
2020-10-09, 13:09:05, 436000000, 436050000, 6250.00, 331968, -5.31, 1.05, -4.86, -5.86, -1.98, -1.98, -4.49, -5.94, -5.94, 4124.61239, 00212.83570, 4.4, 1
2020-10-09, 13:09:06, 436000000, 436050000, 6250.00, 328776, -4.57, 0.92, -4.78, -5.60, -1.89, -1.89, -3.81, -5.58, -5.58, 4124.60952, 00212.82482, 4.5, 1
2020-10-09, 13:09:07, 436000000, 436050000, 6250.00, 336224, -4.49, 0.76, -4.51, -5.31, -1.23, -1.23, -3.56, -5.23, -5.23, 4124.60662, 00212.81356, 4.7, 1
2020-10-09, 13:09:08, 436000000, 436050000, 6250.00, 327712, -3.84, 0.70, -4.19, -5.06, -0.96, -0.96, -3.21, -4.82, -4.82, 4124.60381, 00212.80230, 5.0, 1
2020-10-09, 13:09:09, 436000000, 436050000, 6250.00, 329840, -5.47, 1.45, -5.04, -6.23, -2.27, -2.27, -4.68, -6.44, -6.44, 4124.60092, 00212.79068, 5.1, 1
2020-10-09, 13:09:10, 436000000, 436050000, 6250.00, 322392, -4.33, 1.00, -4.46, -5.29, -1.07, -1.07, -2.90, -5.23, -5.23, 4124.59783, 00212.77829, 4.9, 1
2020-10-09, 13:09:11, 436000000, 436050000, 6250.00, 331968, -3.45, 0.27, -4.11, -4.91, -0.76, -0.76, -2.40, -4.95, -4.95, 4124.59487, 00212.76646, 5.1, 1
2020-10-09, 13:09:12, 436000000, 436050000, 6250.00, 325584, -3.20, 0.06, -3.71, -4.79, -0.40, -0.40, -2.19, -4.60, -4.60, 4124.59188, 00212.75449, 4.8, 1
2020-10-09, 13:09:13, 436000000, 436050000, 6250.00, 321328, -2.76, -0.30, -3.72, -4.65, -0.58, -0.58, -2.40, -4.63, -4.63, 4124.58896, 00212.74281, 4.9, 1
2020-10-09, 13:09:14, 436000000, 436050000, 6250.00, 323456, -2.73, -0.34, -3.96, -4.94, -0.97, -0.97, -2.11, -4.76, -4.76, 4124.58600, 00212.73098, 4.8, 1
2020-10-09, 13:09:15, 436000000, 436050000, 6250.00, 320264, -2.23, -1.37, -3.70, -4.67, -1.24, -1.24, -2.06, -4.64, -4.64, 4124.58309, 00212.71929, 4.8, 1
2020-10-09, 13:09:16, 436000000, 436050000, 6250.00, 328776, -2.31, -1.08, -2.85, -4.48, -1.65, -1.65, -2.52, -4.36, -4.36, 4124.58033, 00212.70824, 4.7, 1
2020-10-09, 13:09:17, 436000000, 436050000, 6250.00, 328776, -1.93, -2.26, -1.95, -3.65, -2.24, -2.24, -2.35, -3.53, -3.53, 4124.57754, 00212.69706, 4.7, 1
2020-10-09, 13:09:18, 436000000, 436050000, 6250.00, 328776, -2.11, -2.40, -2.14, -3.57, -2.41, -2.41, -2.50, -3.03, -3.03, 4124.57486, 00212.68628, 4.6, 1
2020-10-09, 13:09:19, 436000000, 436050000, 6250.00, 336224, -2.08, -2.38, -2.24, -3.66, -2.39, -2.39, -2.57, -3.06, -3.06, 4124.57213, 00212.67535, 4.4, 1
2020-10-09, 13:09:20, 436000000, 436050000, 6250.00, 333032, -2.38, -2.38, -2.23, -3.49, -2.44, -2.44, -2.61, -2.78, -2.78, 4124.56942, 00212.66448, 4.1, 1
2020-10-09, 13:09:21, 436000000, 436050000, 6250.00, 327712, -2.36, -2.75, -2.39, -2.73, -2.71, -2.71, -2.73, -2.48, -2.48, 4124.56667, 00212.65347, 4.0, 1
2020-10-09, 13:09:22, 436000000, 436050000, 6250.00, 331968, -2.37, -2.66, -2.41, -3.04, -2.57, -2.57, -2.51, -2.77, -2.77, 4124.56380, 00212.64199, 3.6, 1
2020-10-09, 13:09:23, 436000000, 436050000, 6250.00, 331968, -2.62, -2.02, -2.60, -3.32, -2.46, -2.46, -2.65, -2.87, -2.87, 4124.56100, 00212.63079, 3.5, 1
2020-10-09, 13:09:24, 436000000, 436050000, 6250.00, 330904, -2.55, -2.85, -2.45, -2.55, -2.92, -2.92, -2.75, -2.30, -2.30, 4124.55808, 00212.61910, 3.2, 1
2020-10-09, 13:09:25, 436000000, 436050000, 6250.00, 327712, -2.28, -2.17, -2.36, -3.15, -2.30, -2.30, -2.59, -2.98, -2.98, 4124.55530, 00212.60798, 3.1, 1
2020-10-09, 13:09:26, 436000000, 436050000, 6250.00, 329840, -1.96, -2.32, -2.06, -3.46, -2.41, -2.41, -2.44, -2.92, -2.92, 4124.55254, 00212.59693, 3.3, 1
2020-10-09, 13:09:27, 436000000, 436050000, 6250.00, 334096, -2.36, -1.35, -3.09, -4.45, -1.73, -1.73, -2.36, -4.33, -4.33, 4124.54969, 00212.58551, 3.3, 1
2020-10-09, 13:09:28, 436000000, 436050000, 6250.00, 333032, -2.56, -1.31, -2.97, -4.36, -1.41, -1.41, -2.46, -4.12, -4.12, 4124.54698, 00212.57468, 3.1, 1
2020-10-09, 13:09:29, 436000000, 436050000, 6250.00, 333032, -2.20, -1.46, -2.69, -4.13, -1.60, -1.60, -2.35, -3.91, -3.91, 4124.54481, 00212.56435, 2.9, 1
2020-10-09, 13:09:30, 436000000, 436050000, 6250.00, 343672, -2.64, -0.83, -3.57, -4.59, -0.89, -0.89, -2.01, -4.39, -4.39, 4124.54247, 00212.55461, 2.3, 1
2020-10-09, 13:09:31, 436000000, 436050000, 6250.00, 325584, -1.98, -1.44, -3.17, -4.71, -1.34, -1.34, -2.36, -4.44, -4.44, 4124.54001, 00212.54480, 2.4, 1
2020-10-09, 13:09:32, 436000000, 436050000, 6250.00, 328776, -2.53, -2.86, -2.22, -2.43, -2.90, -2.90, -2.98, -2.25, -2.25, 4124.53739, 00212.53460, 2.1, 1
2020-10-09, 13:09:33, 436000000, 436050000, 6250.00, 325584, -2.55, -3.01, -2.50, -2.57, -2.87, -2.87, -2.66, -2.01, -2.01, 4124.53511, 00212.52531, 2.1, 1
2020-10-09, 13:09:34, 436000000, 436050000, 6250.00, 324520, -2.21, -2.70, -2.35, -3.04, -2.56, -2.56, -2.58, -2.91, -2.91, 4124.53301, 00212.51718, 1.8, 1
2020-10-09, 13:09:35, 436000000, 436050000, 6250.00, 335160, -2.37, -3.09, -2.47, -1.96, -3.09, -3.09, -2.61, -1.83, -1.83, 4124.53131, 00212.51091, 1.9, 1
2020-10-09, 13:09:36, 436000000, 436050000, 6250.00, 321328, -2.59, -3.32, -2.58, -1.84, -3.33, -3.33, -2.58, -1.87, -1.87, 4124.52945, 00212.50508, 2.0, 1
2020-10-09, 13:09:37, 436000000, 436050000, 6250.00, 329840, -2.35, -3.07, -2.68, -2.04, -3.09, -3.09, -2.19, -1.86, -1.86, 4124.52852, 00212.50210, 1.6, 1
2020-10-09, 13:09:38, 436000000, 436050000, 6250.00, 331968, -3.18, -3.90, -3.13, -1.50, -3.89, -3.89, -2.72, -2.14, -2.14, 4124.52810, 00212.49988, 1.7, 1
2020-10-09, 13:09:39, 436000000, 436050000, 6250.00, 328776, -2.48, -3.00, -2.68, -1.48, -3.12, -3.12, -2.68, -1.77, -1.77, 4124.52776, 00212.49858, 1.8, 1
2020-10-09, 13:09:40, 436000000, 436050000, 6250.00, 325584, -2.75, -3.35, -3.09, -0.99, -3.33, -3.33, -2.91, -1.93, -1.93, 4124.52736, 00212.49805, 1.9, 1
2020-10-09, 13:09:41, 436000000, 436050000, 6250.00, 324520, -2.61, -2.46, -4.09, -4.84, -2.05, -2.05, -2.08, -3.98, -3.98, 4124.52692, 00212.49712, 2.1, 1
2020-10-09, 13:09:42, 436000000, 436050000, 6250.00, 333032, -2.14, -0.65, -2.10, -3.75, -1.70, -1.70, -2.70, -3.79, -3.79, 4124.52776, 00212.49653, 2.3, 1
2020-10-09, 13:09:43, 436000000, 436050000, 6250.00, 330904, -1.77, -3.16, -3.31, -4.95, -1.78, -1.78, -2.32, -4.79, -4.79, 4124.52778, 00212.49660, 2.6, 1
2020-10-09, 13:09:44, 436000000, 436050000, 6250.00, 327712, -2.60, -2.73, -2.33, -3.36, -2.58, -2.58, -2.17, -1.60, -1.60, 4124.52781, 00212.49674, 2.8, 1
2020-10-09, 13:09:45, 436000000, 436050000, 6250.00, 326648, -2.67, -3.41, -3.06, -1.54, -3.12, -3.12, -2.66, -1.73, -1.73, 4124.52782, 00212.49675, 2.9, 1
2020-10-09, 13:09:46, 436000000, 436050000, 6250.00, 334096, -2.36, -2.95, -2.32, -1.53, -3.08, -3.08, -2.67, -1.36, -1.36, 4124.52782, 00212.49676, 3.0, 1
2020-10-09, 13:09:47, 436000000, 436050000, 6250.00, 335160, -1.58, -2.84, -2.62, -1.60, -2.23, -2.23, -2.14, -1.03, -1.03, 4124.52783, 00212.49679, 3.0, 1
2020-10-09, 13:09:48, 436000000, 436050000, 6250.00, 331968, -2.41, -3.41, -2.45, -1.16, -3.37, -3.37, -2.93, -1.57, -1.57, 4124.52783, 00212.49679, 3.0, 1
2020-10-09, 13:09:49, 436000000, 436050000, 6250.00, 329840, -3.85, -3.85, -2.90, -0.74, -4.41, -4.41, -3.73, -2.29, -2.29, 4124.52783, 00212.49679, 3.0, 1
2020-10-09, 13:09:50, 436000000, 436050000, 6250.00, 327712, -2.48, -3.23, -2.68, -1.22, -3.12, -3.12, -2.86, -1.46, -1.46, 4124.52783, 00212.49679, 3.0, 1
2020-10-09, 13:09:51, 436000000, 436050000, 6250.00, 329840, -2.78, -2.55, -2.59, -3.53, -2.45, -2.45, -1.97, -1.11, -1.11, 4124.52783, 00212.49679, 3.0, 1
2020-10-09, 13:09:52, 436000000, 436050000, 6250.00, 338352, -3.69, -3.31, -3.96, -4.68, -3.22, -3.22, -2.38, -1.96, -1.96, 4124.52783, 00212.49679, 3.0, 1
2020-10-09, 13:09:53, 436000000, 436050000, 6250.00, 334096, -1.90, -2.25, -1.70, -2.53, -2.43, -2.43, -2.02, -0.76, -0.76, 4124.52783, 00212.49679, 3.0, 1
2020-10-09, 13:09:54, 436000000, 436050000, 6250.00, 334096, -3.59, -2.71, -3.46, -1.49, -2.38, -2.38, -3.05, -1.27, -1.27, 4124.52783, 00212.49679, 3.0, 1
2020-10-09, 13:09:55, 436000000, 436050000, 6250.00, 334096, -1.49, -2.50, -2.40, -1.80, -2.12, -2.12, -2.13, -0.95, -0.95, 4124.52783, 00212.49679, 3.0, 1
2020-10-09, 13:09:56, 436000000, 436050000, 6250.00, 333032, -2.50, -2.89, -2.02, -1.55, -3.25, -3.25, -2.83, -1.32, -1.32, 4124.52769, 00212.49621, 3.3, 1
2020-10-09, 13:09:57, 436000000, 436050000, 6250.00, 329840, -2.76, -2.78, -2.59, -1.95, -2.63, -2.63, -2.71, -1.18, -1.18, 4124.52771, 00212.49631, 3.4, 1
2020-10-09, 13:09:58, 436000000, 436050000, 6250.00, 328776, -7.28, -5.81, -7.35, -7.41, -6.18, -6.18, -7.21, -7.61, -7.61, 4124.52771, 00212.49631, 3.4, 1
2020-10-09, 13:09:59, 436000000, 436050000, 6250.00, 325584, -2.45, -3.37, -2.67, -1.51, -3.32, -3.32, -2.47, -1.32, -1.32, 4124.52771, 00212.49633, 3.4, 1
2020-10-09, 13:10:00, 436000000, 436050000, 6250.00, 328776, -3.24, -3.05, -2.24, -1.38, -3.56, -3.56, -3.18, -1.42, -1.42, 4124.52768, 00212.49621, 3.4, 1
2020-10-09, 13:10:01, 436000000, 436050000, 6250.00, 334096, -3.41, -2.76, -2.71, -2.66, -2.92, -2.92, -2.49, -1.41, -1.41, 4124.52767, 00212.49617, 3.5, 1
2020-10-09, 13:10:02, 436000000, 436050000, 6250.00, 327712, -1.90, -2.80, -2.33, -1.53, -2.62, -2.62, -2.46, -1.05, -1.05, 4124.52767, 00212.49614, 3.5, 1
2020-10-09, 13:10:03, 436000000, 436050000, 6250.00, 321328, -2.03, -2.35, -2.12, -2.57, -2.13, -2.13, -2.00, -0.81, -0.81, 4124.52767, 00212.49614, 3.5, 1
2020-10-09, 13:10:04, 436000000, 436050000, 6250.00, 327712, -2.30, -2.48, -1.43, -2.27, -2.45, -2.45, -2.53, -1.40, -1.40, 4124.52775, 00212.49650, 3.5, 1
2020-10-09, 13:10:05, 436000000, 436050000, 6250.00, 333032, -3.48, -2.22, 0.52, -3.32, -1.85, -1.85, -3.06, -4.00, -4.00, 4124.52779, 00212.49665, 3.6, 1
2020-10-09, 13:10:06, 436000000, 436050000, 6250.00, 325584, -2.28, -2.28, -0.33, -3.38, -1.97, -1.97, -2.37, -3.33, -3.33, 4124.52779, 00212.49663, 3.6, 1
2020-10-09, 13:10:07, 436000000, 436050000, 6250.00, 328776, -2.77, -2.83, -2.54, -3.68, -2.82, -2.82, -2.10, -1.32, -1.32, 4124.52788, 00212.49701, 3.6, 1
2020-10-09, 13:10:08, 436000000, 436050000, 6250.00, 334096, -2.76, -1.85, -1.77, -3.48, -2.26, -2.26, -2.14, -0.74, -0.74, 4124.52788, 00212.49701, 3.6, 1
2020-10-09, 13:10:09, 436000000, 436050000, 6250.00, 328776, -1.62, -2.67, -1.73, -2.28, -2.63, -2.63, -2.01, -0.77, -0.77, 4124.52788, 00212.49701, 3.6, 1
2020-10-09, 13:10:10, 436000000, 436050000, 6250.00, 327712, -2.42, -2.92, -2.13, -1.46, -3.16, -3.16, -2.86, -1.21, -1.21, 4124.52788, 00212.49701, 3.6, 1
2020-10-09, 13:10:11, 436000000, 436050000, 6250.00, 329840, -3.70, -3.39, -2.72, -1.13, -3.74, -3.74, -3.60, -1.68, -1.68, 4124.52788, 00212.49701, 3.6, 1
2020-10-09, 13:10:12, 436000000, 436050000, 6250.00, 330904, -3.17, -4.14, -3.70, -0.33, -4.07, -4.07, -3.50, -3.12, -3.12, 4124.52788, 00212.49701, 3.6, 1
2020-10-09, 13:10:13, 436000000, 436050000, 6250.00, 333032, -3.36, -3.81, -3.36, -0.59, -3.97, -3.97, -3.49, -2.59, -2.59, 4124.52788, 00212.49701, 3.6, 1
2020-10-09, 13:10:14, 436000000, 436050000, 6250.00, 326648, -3.29, -3.84, -3.57, -0.61, -3.76, -3.76, -3.49, -2.68, -2.68, 4124.52806, 00212.49773, 3.6, 1
2020-10-09, 13:10:15, 436000000, 436050000, 6250.00, 326648, -2.95, -3.33, -2.55, -1.75, -3.36, -3.36, -2.90, -2.05, -2.05, 4124.52804, 00212.49767, 3.6, 1
2020-10-09, 13:10:16, 436000000, 436050000, 6250.00, 330904, -2.44, -2.93, -2.06, -3.47, -2.99, -2.99, -2.79, -2.68, -2.68, 4124.52802, 00212.49760, 3.6, 1
2020-10-09, 13:10:17, 436000000, 436050000, 6250.00, 335160, -2.57, -2.77, -2.70, -2.86, -2.80, -2.80, -2.23, -1.24, -1.24, 4124.52802, 00212.49760, 3.6, 1
2020-10-09, 13:10:18, 436000000, 436050000, 6250.00, 327712, -2.71, -3.00, -3.14, -1.21, -3.29, -3.29, -2.87, -2.18, -2.18, 4124.52802, 00212.49760, 3.6, 1
2020-10-09, 13:10:19, 436000000, 436050000, 6250.00, 326648, -3.18, -2.58, -2.83, -1.08, -3.44, -3.44, -3.35, -2.32, -2.32, 4124.52802, 00212.49760, 3.6, 1
2020-10-09, 13:10:20, 436000000, 436050000, 6250.00, 324520, -2.80, -3.15, -2.83, -1.21, -3.26, -3.26, -2.99, -1.92, -1.92, 4124.52802, 00212.49760, 3.6, 1
2020-10-09, 13:10:21, 436000000, 436050000, 6250.00, 326648, -2.47, -2.81, -2.65, -3.42, -2.68, -2.68, -2.12, -1.36, -1.36, 4124.52790, 00212.49711, 3.6, 1
2020-10-09, 13:10:22, 436000000, 436050000, 6250.00, 330904, -2.55, -2.39, -2.15, -3.14, -2.39, -2.39, -2.06, -0.88, -0.88, 4124.52790, 00212.49711, 3.6, 1
2020-10-09, 13:10:23, 436000000, 436050000, 6250.00, 334096, -3.05, -3.26, -3.48, -4.16, -3.10, -3.10, -2.19, -1.69, -1.69, 4124.52790, 00212.49711, 3.6, 1
2020-10-09, 13:10:24, 436000000, 436050000, 6250.00, 323456, -3.59, -3.65, -3.98, -4.77, -3.42, -3.42, -2.37, -2.03, -2.03, 4124.52790, 00212.49711, 3.6, 1
2020-10-09, 13:10:25, 436000000, 436050000, 6250.00, 327712, -2.96, -4.27, -4.42, -4.32, -4.35, -4.35, -3.04, -2.92, -2.92, 4124.52781, 00212.49673, 3.6, 1
2020-10-09, 13:10:26, 436000000, 436050000, 6250.00, 334096, -3.41, -3.86, -3.71, -4.70, -3.88, -3.88, -2.98, -2.72, -2.72, 4124.52774, 00212.49645, 3.6, 1
2020-10-09, 13:10:27, 436000000, 436050000, 6250.00, 331968, -2.98, -3.46, -2.86, -3.49, -3.58, -3.58, -3.08, -2.86, -2.86, 4124.52773, 00212.49638, 3.5, 1
2020-10-09, 13:10:28, 436000000, 436050000, 6250.00, 324520, -2.80, -3.53, -2.72, -2.20, -3.49, -3.49, -2.75, -2.37, -2.37, 4124.52757, 00212.49573, 3.5, 1
2020-10-09, 13:10:29, 436000000, 436050000, 6250.00, 336224, -2.55, -3.14, -2.64, -2.03, -2.98, -2.98, -2.66, -1.85, -1.85, 4124.52694, 00212.49312, 3.5, 1
2020-10-09, 13:10:30, 436000000, 436050000, 6250.00, 331968, -2.61, -3.27, -2.72, -1.63, -3.20, -3.20, -2.78, -2.04, -2.04, 4124.52629, 00212.49042, 3.6, 1
2020-10-09, 13:10:31, 436000000, 436050000, 6250.00, 328776, -2.61, -2.98, -2.70, -1.74, -2.99, -2.99, -2.68, -1.74, -1.74, 4124.52550, 00212.48714, 3.6, 1
2020-10-09, 13:11:04, 436000000, 436050000, 6250.00, 329840, -3.39, -3.52, -3.66, -4.17, -3.25, -3.25, -2.50, -2.38, -2.38, 4124.49089, 00212.34856, 3.7, 1
2020-10-09, 13:11:05, 436000000, 436050000, 6250.00, 325584, -2.18, -2.55, -2.41, -2.37, -2.62, -2.62, -2.31, -1.19, -1.19, 4124.49083, 00212.34850, 3.7, 1
2020-10-09, 13:11:06, 436000000, 436050000, 6250.00, 330904, -2.24, -2.57, -2.37, -2.55, -2.69, -2.69, -2.23, -1.19, -1.19, 4124.49071, 00212.34817, 3.7, 1
2020-10-09, 13:11:07, 436000000, 436050000, 6250.00, 330904, -2.68, -2.89, -2.64, -3.22, -2.73, -2.73, -2.19, -1.50, -1.50, 4124.49084, 00212.34857, 3.8, 1
2020-10-09, 13:11:08, 436000000, 436050000, 6250.00, 327712, -3.40, -3.34, -3.73, -4.23, -2.96, -2.96, -2.25, -2.28, -2.28, 4124.49093, 00212.34860, 3.8, 1
2020-10-09, 13:11:09, 436000000, 436050000, 6250.00, 327712, -2.30, -2.79, -2.65, -2.53, -2.59, -2.59, -2.32, -1.31, -1.31, 4124.49093, 00212.34860, 3.8, 1
2020-10-09, 13:11:10, 436000000, 436050000, 6250.00, 327712, -2.59, -2.79, -2.62, -1.69, -2.78, -2.78, -2.86, -1.36, -1.36, 4124.49093, 00212.34860, 3.8, 1
2020-10-09, 13:11:11, 436000000, 436050000, 6250.00, 329840, -1.81, -2.49, -2.20, -2.04, -2.59, -2.59, -2.24, -0.92, -0.92, 4124.49091, 00212.34887, 3.8, 1
2020-10-09, 13:11:12, 436000000, 436050000, 6250.00, 325584, -3.46, -3.57, -3.07, -0.83, -3.81, -3.81, -3.41, -2.43, -2.43, 4124.49092, 00212.34872, 3.8, 1
2020-10-09, 13:11:13, 436000000, 436050000, 6250.00, 326648, -2.91, -3.08, -2.95, -1.22, -3.09, -3.09, -2.89, -1.86, -1.86, 4124.49103, 00212.34852, 3.8, 1
2020-10-09, 13:11:14, 436000000, 436050000, 6250.00, 325584, -2.71, -3.04, -2.87, -1.32, -2.93, -2.93, -2.81, -1.66, -1.66, 4124.49105, 00212.34859, 3.8, 1
2020-10-09, 13:11:15, 436000000, 436050000, 6250.00, 326648, -3.28, -4.08, -3.63, -0.57, -3.98, -3.98, -3.41, -3.15, -3.15, 4124.49106, 00212.34791, 3.8, 1
2020-10-09, 13:11:16, 436000000, 436050000, 6250.00, 325584, -3.27, -3.58, -3.47, -0.60, -3.46, -3.46, -3.40, -2.79, -2.79, 4124.49106, 00212.34792, 3.8, 1
2020-10-09, 13:11:17, 436000000, 436050000, 6250.00, 329840, -3.21, -3.62, -3.41, -0.76, -3.65, -3.65, -3.29, -2.82, -2.82, 4124.49106, 00212.34792, 3.8, 1
2020-10-09, 13:11:18, 436000000, 436050000, 6250.00, 328776, -3.23, -3.75, -3.44, -0.64, -3.68, -3.68, -3.33, -3.03, -3.03, 4124.49105, 00212.34785, 3.8, 1
2020-10-09, 13:11:19, 436000000, 436050000, 6250.00, 331968, -3.46, -3.76, -2.95, -1.01, -3.82, -3.82, -3.40, -2.59, -2.59, 4124.49094, 00212.34818, 3.8, 1
2020-10-09, 13:11:20, 436000000, 436050000, 6250.00, 334096, -2.47, -2.77, -2.69, -1.55, -2.93, -2.93, -2.85, -1.55, -1.55, 4124.49082, 00212.34843, 3.8, 1
2020-10-09, 13:11:21, 436000000, 436050000, 6250.00, 330904, -2.85, -3.28, -3.14, -0.98, -3.30, -3.30, -2.91, -2.14, -2.14, 4124.49072, 00212.34838, 3.7, 1
2020-10-09, 13:11:22, 436000000, 436050000, 6250.00, 329840, -2.36, -2.94, -2.65, -2.26, -2.94, -2.94, -2.25, -1.45, -1.45, 4124.49084, 00212.34854, 3.7, 1
2020-10-09, 13:11:23, 436000000, 436050000, 6250.00, 328776, -3.27, -2.84, -1.89, -3.31, -2.77, -2.77, -3.25, -3.72, -3.72, 4124.49072, 00212.34911, 3.6, 1
2020-10-09, 13:11:24, 436000000, 436050000, 6250.00, 325584, -2.80, -2.06, -0.47, -3.12, -2.00, -2.00, -2.58, -3.26, -3.26, 4124.49059, 00212.34918, 3.6, 1
2020-10-09, 13:11:25, 436000000, 436050000, 6250.00, 334096, -2.66, -2.69, -1.99, -2.93, -2.59, -2.59, -2.44, -2.13, -2.13, 4124.49041, 00212.34952, 3.5, 1
2020-10-09, 13:11:26, 436000000, 436050000, 6250.00, 327712, -2.48, -2.92, -2.71, -1.61, -3.11, -3.11, -2.82, -1.92, -1.92, 4124.49041, 00212.34952, 3.5, 1
2020-10-09, 13:11:27, 436000000, 436050000, 6250.00, 327712, -2.26, -2.85, -2.73, -2.81, -2.67, -2.67, -2.25, -1.30, -1.30, 4124.49041, 00212.34952, 3.5, 1
2020-10-09, 13:11:28, 436000000, 436050000, 6250.00, 326648, -3.21, -3.68, -3.30, -0.83, -3.63, -3.63, -3.33, -2.65, -2.65, 4124.49041, 00212.34952, 3.5, 1
2020-10-09, 13:11:29, 436000000, 436050000, 6250.00, 325584, -2.14, -2.96, -2.36, -1.53, -2.99, -2.99, -2.25, -1.36, -1.36, 4124.49099, 00212.35042, 3.4, 1
2020-10-09, 13:11:30, 436000000, 436050000, 6250.00, 333032, -2.72, -3.17, -3.36, -0.84, -3.33, -3.33, -3.16, -2.38, -2.38, 4124.49099, 00212.35042, 3.5, 1
2020-10-09, 13:11:31, 436000000, 436050000, 6250.00, 327712, -3.52, -3.54, -2.99, -1.00, -3.62, -3.62, -3.24, -2.22, -2.22, 4124.49093, 00212.35020, 3.4, 1
2020-10-09, 13:11:32, 436000000, 436050000, 6250.00, 328776, -3.41, -1.99, -3.45, -2.20, -3.57, -3.57, -3.47, -3.12, -3.12, 4124.49081, 00212.34974, 3.5, 1
2020-10-09, 13:11:33, 436000000, 436050000, 6250.00, 322392, -3.57, -1.04, -3.33, -3.24, -3.88, -3.88, -3.46, -4.03, -4.03, 4124.49083, 00212.34984, 3.5, 1
2020-10-09, 13:11:34, 436000000, 436050000, 6250.00, 329840, -3.21, -0.94, -3.72, -3.48, -3.14, -3.14, -3.46, -3.51, -3.51, 4124.49083, 00212.34984, 3.5, 1
2020-10-09, 13:11:35, 436000000, 436050000, 6250.00, 331968, -3.51, -1.25, -2.49, -3.65, -2.91, -2.91, -3.08, -4.12, -4.12, 4124.49075, 00212.34950, 3.6, 1
2020-10-09, 13:11:36, 436000000, 436050000, 6250.00, 329840, -3.46, -1.25, -2.40, -3.86, -2.77, -2.77, -2.98, -4.15, -4.15, 4124.49078, 00212.34962, 3.6, 1
2020-10-09, 13:11:37, 436000000, 436050000, 6250.00, 327712, -3.63, -1.09, -2.87, -3.45, -3.80, -3.80, -3.31, -4.48, -4.48, 4124.49069, 00212.34928, 3.7, 1
2020-10-09, 13:11:38, 436000000, 436050000, 6250.00, 327712, -2.55, -2.49, -2.66, -2.70, -2.06, -2.06, -2.26, -3.23, -3.23, 4124.49063, 00212.34902, 3.8, 1
2020-10-09, 13:11:39, 436000000, 436050000, 6250.00, 329840, -3.40, -3.95, -3.40, -0.78, -3.67, -3.67, -3.40, -2.99, -2.99, 4124.49063, 00212.34902, 3.8, 1
2020-10-09, 13:11:40, 436000000, 436050000, 6250.00, 322392, -2.43, -2.71, -2.71, -1.66, -2.85, -2.85, -2.70, -1.32, -1.32, 4124.49063, 00212.34902, 3.8, 1
2020-10-09, 13:11:41, 436000000, 436050000, 6250.00, 326648, -2.53, -2.99, -2.92, -1.53, -2.98, -2.98, -2.89, -1.76, -1.76, 4124.49063, 00212.34902, 3.8, 1
2020-10-09, 13:11:42, 436000000, 436050000, 6250.00, 327712, -3.44, -4.00, -2.98, -0.79, -4.04, -4.04, -3.47, -3.13, -3.13, 4124.49063, 00212.34902, 3.8, 1
2020-10-09, 13:11:43, 436000000, 436050000, 6250.00, 337288, -3.21, -3.65, -3.14, -0.88, -3.67, -3.67, -3.37, -2.69, -2.69, 4124.49063, 00212.34902, 3.8, 1
2020-10-09, 13:11:44, 436000000, 436050000, 6250.00, 326648, -2.39, -2.87, -2.79, -1.70, -2.92, -2.92, -2.47, -1.98, -1.98, 4124.49063, 00212.34902, 3.8, 1
2020-10-09, 13:11:45, 436000000, 436050000, 6250.00, 327712, -3.09, -3.81, -3.17, -0.79, -3.62, -3.62, -3.29, -2.56, -2.56, 4124.49063, 00212.34902, 3.8, 1
2020-10-09, 13:11:46, 436000000, 436050000, 6250.00, 331968, -3.46, -4.09, -3.51, -0.56, -4.04, -4.04, -3.39, -3.15, -3.15, 4124.49063, 00212.34902, 3.8, 1
2020-10-09, 13:11:47, 436000000, 436050000, 6250.00, 329840, -2.94, -3.43, -3.15, -1.17, -3.43, -3.43, -3.15, -3.07, -3.07, 4124.49063, 00212.34902, 3.8, 1
2020-10-09, 13:11:48, 436000000, 436050000, 6250.00, 333032, -2.51, -2.88, -3.04, -1.97, -2.29, -2.29, -2.28, -3.03, -3.03, 4124.49063, 00212.34902, 3.8, 1
2020-10-09, 13:11:49, 436000000, 436050000, 6250.00, 328776, -2.39, -2.23, -2.80, -2.75, -1.58, -1.58, -2.22, -3.06, -3.06, 4124.49063, 00212.34902, 3.8, 1
2020-10-09, 13:11:50, 436000000, 436050000, 6250.00, 335160, -2.52, -2.31, -2.46, -2.93, -2.25, -2.25, -2.58, -2.94, -2.94, 4124.49063, 00212.34902, 3.8, 1
2020-10-09, 13:11:51, 436000000, 436050000, 6250.00, 334096, -2.59, -2.91, -2.53, -2.24, -2.63, -2.63, -2.71, -2.45, -2.45, 4124.49073, 00212.34943, 3.7, 1
2020-10-09, 13:11:52, 436000000, 436050000, 6250.00, 329840, -2.72, -2.98, -2.62, -2.27, -3.04, -3.04, -2.65, -2.46, -2.46, 4124.48990, 00212.34612, 3.8, 1
2020-10-09, 13:11:53, 436000000, 436050000, 6250.00, 322392, -2.54, -3.12, -2.68, -2.10, -3.15, -3.15, -2.55, -2.11, -2.11, 4124.48896, 00212.34240, 3.8, 1
2020-10-09, 13:11:54, 436000000, 436050000, 6250.00, 322392, -2.58, -3.02, -2.71, -2.37, -2.92, -2.92, -2.57, -1.93, -1.93, 4124.48775, 00212.33761, 3.9, 1
2020-10-09, 13:11:55, 436000000, 436050000, 6250.00, 325584, -2.70, -2.60, -2.43, -2.67, -2.50, -2.50, -2.59, -2.39, -2.39, 4124.48643, 00212.33235, 4.1, 1
2020-10-09, 13:11:56, 436000000, 436050000, 6250.00, 323456, -2.69, -3.01, -2.39, -2.48, -2.96, -2.96, -2.47, -2.09, -2.09, 4124.48503, 00212.32677, 4.1, 1
2020-10-09, 13:11:57, 436000000, 436050000, 6250.00, 333032, -2.25, -2.22, -2.55, -3.15, -1.94, -1.94, -2.39, -2.80, -2.80, 4124.48352, 00212.32072, 4.2, 1
2020-10-09, 13:11:58, 436000000, 436050000, 6250.00, 337288, -2.24, -2.12, -2.36, -3.04, -2.21, -2.21, -2.53, -2.93, -2.93, 4124.48183, 00212.31384, 4.3, 1
2020-10-09, 13:11:59, 436000000, 436050000, 6250.00, 327712, -2.46, -2.23, -2.56, -2.73, -2.39, -2.39, -2.50, -2.76, -2.76, 4124.48012, 00212.30688, 4.5, 1
2020-10-09, 13:12:00, 436000000, 436050000, 6250.00, 328776, -2.25, -1.82, -2.80, -3.23, -2.43, -2.43, -2.91, -3.45, -3.45, 4124.47821, 00212.29909, 4.7, 1
2020-10-09, 13:12:01, 436000000, 436050000, 6250.00, 334096, -2.52, -2.01, -2.95, -3.60, -2.04, -2.04, -2.48, -2.95, -2.95, 4124.47637, 00212.29159, 4.8, 1
2020-10-09, 13:12:02, 436000000, 436050000, 6250.00, 324520, -2.25, -1.67, -2.70, -4.22, -1.90, -1.90, -2.54, -3.66, -3.66, 4124.47457, 00212.28427, 4.8, 1
2020-10-09, 13:12:03, 436000000, 436050000, 6250.00, 326648, -2.43, -2.67, -2.42, -2.42, -2.63, -2.63, -2.64, -2.44, -2.44, 4124.47300, 00212.27786, 4.7, 1
2020-10-09, 13:12:04, 436000000, 436050000, 6250.00, 323456, -2.62, -2.35, -2.64, -2.77, -2.55, -2.55, -2.53, -2.68, -2.68, 4124.47175, 00212.27276, 4.6, 1
2020-10-09, 13:12:19, 436000000, 436050000, 6250.00, 316008, -2.70, -3.16, -2.35, -2.87, -3.06, -3.06, -2.47, -2.51, -2.51, 4124.46766, 00212.25585, 3.3, 1
2020-10-09, 13:12:20, 436000000, 436050000, 6250.00, 317072, -2.05, -2.67, -1.90, -2.71, -2.89, -2.89, -2.67, -2.96, -2.96, 4124.46745, 00212.25500, 3.3, 1
2020-10-09, 13:12:21, 436000000, 436050000, 6250.00, 320264, -1.79, -2.42, -1.66, -2.56, -2.75, -2.75, -2.85, -2.40, -2.40, 4124.46746, 00212.25504, 3.3, 1
2020-10-09, 13:12:22, 436000000, 436050000, 6250.00, 321328, -2.68, -2.89, -2.41, -2.81, -3.15, -3.15, -2.42, -2.86, -2.86, 4124.46755, 00212.25540, 3.3, 1
2020-10-09, 13:12:23, 436000000, 436050000, 6250.00, 327712, -2.74, -3.10, -2.42, -2.77, -3.34, -3.34, -2.48, -2.88, -2.88, 4124.46759, 00212.25556, 3.3, 1
2020-10-09, 13:12:24, 436000000, 436050000, 6250.00, 320264, -2.45, -2.72, -2.32, -2.48, -2.66, -2.66, -2.50, -2.69, -2.69, 4124.46766, 00212.25585, 3.4, 1
2020-10-09, 13:12:25, 436000000, 436050000, 6250.00, 325584, -2.53, -2.88, -2.31, -2.51, -2.89, -2.89, -2.41, -2.95, -2.95, 4124.46767, 00212.25592, 3.4, 1
2020-10-09, 13:12:26, 436000000, 436050000, 6250.00, 329840, -2.20, -2.95, -2.02, -2.68, -3.03, -3.03, -2.66, -2.85, -2.85, 4124.46779, 00212.25641, 3.5, 1
2020-10-09, 13:12:27, 436000000, 436050000, 6250.00, 329840, -2.14, -2.59, -1.47, -2.49, -2.72, -2.72, -2.70, -2.41, -2.41, 4124.46779, 00212.25641, 3.5, 1
2020-10-09, 13:12:28, 436000000, 436050000, 6250.00, 325584, -2.56, -2.86, -2.43, -2.60, -2.87, -2.87, -2.55, -2.75, -2.75, 4124.46803, 00212.25739, 3.7, 1
2020-10-09, 13:12:29, 436000000, 436050000, 6250.00, 322392, -2.44, -2.85, -1.99, -2.65, -2.95, -2.95, -2.61, -2.97, -2.97, 4124.46809, 00212.25766, 3.8, 1
2020-10-09, 13:12:30, 436000000, 436050000, 6250.00, 324520, -3.06, -2.66, -3.12, -2.58, -2.96, -2.96, -2.19, -2.31, -2.31, 4124.46816, 00212.25795, 3.9, 1
2020-10-09, 13:12:31, 436000000, 436050000, 6250.00, 326648, -3.04, -2.70, -2.87, -2.83, -2.95, -2.95, -2.39, -2.46, -2.46, 4124.46815, 00212.25790, 3.9, 1
2020-10-09, 13:12:32, 436000000, 436050000, 6250.00, 319200, -2.44, -2.79, -2.58, -2.49, -2.65, -2.65, -2.55, -2.56, -2.56, 4124.46815, 00212.25790, 3.9, 1
2020-10-09, 13:12:33, 436000000, 436050000, 6250.00, 327712, -2.65, -2.42, -2.53, -2.54, -2.55, -2.55, -2.59, -2.64, -2.64, 4124.46785, 00212.25665, 3.9, 1
2020-10-09, 13:12:34, 436000000, 436050000, 6250.00, 325584, -2.51, -2.94, -2.57, -2.19, -2.79, -2.79, -2.54, -1.99, -1.99, 4124.46684, 00212.25129, 3.8, 1
2020-10-09, 13:12:35, 436000000, 436050000, 6250.00, 320264, -2.73, -3.10, -2.73, -1.89, -3.13, -3.13, -2.64, -1.92, -1.92, 4124.46616, 00212.24734, 4.0, 1
2020-10-09, 13:12:36, 436000000, 436050000, 6250.00, 325584, -2.79, -3.26, -2.52, -1.74, -3.29, -3.29, -2.84, -1.81, -1.81, 4124.46509, 00212.24255, 4.1, 1
2020-10-09, 13:12:37, 436000000, 436050000, 6250.00, 325584, -2.58, -3.18, -2.92, -2.05, -3.27, -3.27, -2.70, -1.97, -1.97, 4124.46368, 00212.23666, 4.3, 1
2020-10-09, 13:12:38, 436000000, 436050000, 6250.00, 322392, -2.65, -3.09, -2.45, -2.17, -3.17, -3.17, -2.60, -2.23, -2.23, 4124.46204, 00212.22984, 4.9, 1
2020-10-09, 13:12:39, 436000000, 436050000, 6250.00, 330904, -2.71, -3.20, -2.75, -2.41, -3.00, -3.00, -2.50, -2.25, -2.25, 4124.46018, 00212.22232, 5.0, 1
2020-10-09, 13:12:40, 436000000, 436050000, 6250.00, 325584, -2.68, -3.15, -2.66, -1.83, -3.18, -3.18, -2.87, -1.69, -1.69, 4124.45834, 00212.21463, 4.8, 1
2020-10-09, 13:12:41, 436000000, 436050000, 6250.00, 333032, -2.57, -3.06, -2.52, -2.22, -3.12, -3.12, -2.97, -1.98, -1.98, 4124.45629, 00212.20628, 4.9, 1
2020-10-09, 13:12:42, 436000000, 436050000, 6250.00, 327712, -2.60, -3.13, -2.57, -2.03, -3.36, -3.36, -2.60, -1.81, -1.81, 4124.45417, 00212.19718, 5.2, 1
2020-10-09, 13:12:43, 436000000, 436050000, 6250.00, 325584, -2.23, -2.78, -1.79, -2.77, -2.86, -2.86, -2.77, -2.47, -2.47, 4124.45113, 00212.18831, 5.4, 1
2020-10-09, 13:12:44, 436000000, 436050000, 6250.00, 324520, -2.20, -2.39, -1.78, -3.22, -2.14, -2.14, -2.46, -2.91, -2.91, 4124.44817, 00212.17847, 5.5, 1
2020-10-09, 13:12:45, 436000000, 436050000, 6250.00, 321328, -4.14, -3.99, -4.64, -4.20, -3.98, -3.98, -4.40, -4.17, -4.17, 4124.44550, 00212.16867, 5.2, 1
2020-10-09, 13:12:46, 436000000, 436050000, 6250.00, 330904, -4.09, -4.48, -4.44, -3.88, -4.51, -4.51, -4.28, -3.82, -3.82, 4124.44278, 00212.15864, 5.2, 1
2020-10-09, 13:12:47, 436000000, 436050000, 6250.00, 323456, -2.74, -3.03, -2.63, -1.96, -3.26, -3.26, -2.57, -1.93, -1.93, 4124.44004, 00212.14810, 5.1, 1
2020-10-09, 13:12:48, 436000000, 436050000, 6250.00, 326648, -2.48, -2.95, -2.69, -1.99, -3.10, -3.10, -2.64, -2.04, -2.04, 4124.43736, 00212.13772, 4.7, 1
2020-10-09, 13:12:49, 436000000, 436050000, 6250.00, 320264, -2.43, -1.55, -2.93, -3.68, -1.79, -1.79, -2.53, -3.76, -3.76, 4124.43472, 00212.12733, 4.4, 1
2020-10-09, 13:12:50, 436000000, 436050000, 6250.00, 335160, -2.35, -2.35, -2.58, -3.01, -2.26, -2.26, -2.48, -2.77, -2.77, 4124.43224, 00212.11719, 4.3, 1
2020-10-09, 13:12:51, 436000000, 436050000, 6250.00, 329840, -2.37, -2.45, -2.26, -3.55, -2.27, -2.27, -2.72, -2.85, -2.85, 4124.43003, 00212.10826, 4.1, 1
2020-10-09, 13:12:52, 436000000, 436050000, 6250.00, 318136, -2.06, -1.82, -1.99, -3.70, -2.09, -2.09, -2.79, -3.26, -3.26, 4124.42808, 00212.10045, 4.0, 1
2020-10-09, 13:12:53, 436000000, 436050000, 6250.00, 327712, -2.42, -2.79, -2.81, -2.12, -3.12, -3.12, -2.84, -2.14, -2.14, 4124.42628, 00212.09379, 3.9, 1
2020-10-09, 13:12:54, 436000000, 436050000, 6250.00, 331968, -2.49, -3.13, -2.44, -2.11, -3.25, -3.25, -2.38, -1.85, -1.85, 4124.42497, 00212.08827, 3.6, 1
2020-10-09, 13:12:55, 436000000, 436050000, 6250.00, 325584, -2.57, -2.40, -2.61, -2.94, -2.32, -2.32, -2.56, -2.80, -2.80, 4124.42413, 00212.08451, 3.5, 1
2020-10-09, 13:12:56, 436000000, 436050000, 6250.00, 326648, -2.52, -2.79, -2.40, -2.52, -2.50, -2.50, -2.57, -2.76, -2.76, 4124.42363, 00212.08223, 3.4, 1
2020-10-09, 13:12:57, 436000000, 436050000, 6250.00, 325584, -2.56, -2.48, -2.19, -2.46, -2.48, -2.48, -2.72, -2.85, -2.85, 4124.42333, 00212.08071, 3.3, 1
2020-10-09, 13:12:58, 436000000, 436050000, 6250.00, 318136, -2.67, -2.47, -2.49, -2.78, -2.39, -2.39, -2.54, -2.62, -2.62, 4124.42315, 00212.07981, 3.2, 1
2020-10-09, 13:12:59, 436000000, 436050000, 6250.00, 327712, -2.48, -3.47, -2.31, -2.09, -3.27, -3.27, -2.39, -1.91, -1.91, 4124.42314, 00212.07965, 3.1, 1
2020-10-09, 13:13:00, 436000000, 436050000, 6250.00, 324520, -2.75, -2.92, -1.98, -2.24, -2.35, -2.35, -2.47, -2.65, -2.65, 4124.42310, 00212.07936, 3.0, 1
2020-10-09, 13:13:01, 436000000, 436050000, 6250.00, 322392, -2.83, -3.42, -2.95, -2.08, -3.57, -3.57, -2.04, -1.86, -1.86, 4124.42329, 00212.07950, 3.1, 1
2020-10-09, 13:13:02, 436000000, 436050000, 6250.00, 325584, -2.79, -1.87, -2.49, -3.08, -1.74, -1.74, -2.73, -3.10, -3.10, 4124.42341, 00212.07944, 3.1, 1
2020-10-09, 13:13:03, 436000000, 436050000, 6250.00, 329840, -2.81, -2.39, -2.74, -2.25, -2.71, -2.71, -2.71, -2.69, -2.69, 4124.42356, 00212.08009, 3.1, 1
2020-10-09, 13:13:04, 436000000, 436050000, 6250.00, 329840, -2.64, -2.25, -2.29, -2.88, -2.46, -2.46, -2.63, -2.76, -2.76, 4124.42350, 00212.07966, 3.2, 1
2020-10-09, 13:13:05, 436000000, 436050000, 6250.00, 328776, -1.77, -2.89, -2.42, -2.45, -3.09, -3.09, -2.44, -2.63, -2.63, 4124.42343, 00212.07918, 3.2, 1
2020-10-09, 13:13:06, 436000000, 436050000, 6250.00, 326648, -2.36, -3.49, -2.98, -2.81, -2.39, -2.39, -2.55, -3.03, -3.03, 4124.42335, 00212.07947, 3.2, 1
2020-10-09, 13:13:07, 436000000, 436050000, 6250.00, 326648, -2.53, -3.32, -3.43, -3.52, -1.65, -1.65, -2.81, -3.22, -3.22, 4124.42316, 00212.07928, 3.2, 1
2020-10-09, 13:13:08, 436000000, 436050000, 6250.00, 330904, -2.74, -2.20, -2.18, -2.73, -1.31, -1.31, -2.17, -2.92, -2.92, 4124.42312, 00212.07882, 3.2, 1
2020-10-09, 13:13:09, 436000000, 436050000, 6250.00, 327712, -1.88, -2.78, -1.90, -2.40, -2.91, -2.91, -2.67, -2.50, -2.50, 4124.42295, 00212.07841, 3.2, 1
2020-10-09, 13:13:10, 436000000, 436050000, 6250.00, 328776, -2.02, -2.93, -1.79, -2.17, -3.20, -3.20, -2.56, -2.53, -2.53, 4124.42310, 00212.07938, 3.3, 1
2020-10-09, 13:13:11, 436000000, 436050000, 6250.00, 331968, -2.01, -2.46, -1.19, -2.34, -3.09, -3.09, -2.92, -2.11, -2.11, 4124.42298, 00212.07924, 3.3, 1
2020-10-09, 13:13:12, 436000000, 436050000, 6250.00, 331968, -2.90, -2.76, -2.05, -2.47, -3.24, -3.24, -2.75, -2.56, -2.56, 4124.42289, 00212.07913, 3.3, 1
2020-10-09, 13:13:13, 436000000, 436050000, 6250.00, 320264, -3.24, -4.13, -3.19, -0.57, -4.34, -4.34, -3.23, -2.15, -2.15, 4124.42290, 00212.07940, 3.2, 1
2020-10-09, 13:13:14, 436000000, 436050000, 6250.00, 329840, -2.59, -2.69, -1.96, -1.99, -2.26, -2.26, -2.44, -2.42, -2.42, 4124.42276, 00212.07872, 3.4, 1
2020-10-09, 13:13:15, 436000000, 436050000, 6250.00, 327712, -2.79, -2.38, -3.07, -3.61, -1.27, -1.27, -2.39, -3.05, -3.05, 4124.42276, 00212.07872, 3.4, 1
2020-10-09, 13:13:16, 436000000, 436050000, 6250.00, 318136, -2.18, -3.24, -2.62, -2.35, -2.84, -2.84, -2.50, -2.94, -2.94, 4124.42276, 00212.07872, 3.4, 1
2020-10-09, 13:13:17, 436000000, 436050000, 6250.00, 328776, -2.66, -2.39, -2.48, -3.01, -1.23, -1.23, -2.41, -3.16, -3.16, 4124.42276, 00212.07872, 3.4, 1
2020-10-09, 13:13:18, 436000000, 436050000, 6250.00, 327712, -2.76, -1.52, -2.60, -2.92, -1.39, -1.39, -2.78, -3.10, -3.10, 4124.42276, 00212.07872, 3.4, 1
2020-10-09, 13:13:19, 436000000, 436050000, 6250.00, 319200, -2.64, -3.15, -2.90, -2.85, -1.94, -1.94, -2.60, -3.21, -3.21, 4124.42276, 00212.07872, 3.4, 1
2020-10-09, 13:13:20, 436000000, 436050000, 6250.00, 331968, -2.65, -2.81, -3.38, -1.01, -2.89, -2.89, -2.93, -2.35, -2.35, 4124.42276, 00212.07872, 3.4, 1
2020-10-09, 13:13:21, 436000000, 436050000, 6250.00, 334096, -3.03, -4.18, -3.08, -2.29, -4.20, -4.20, -2.11, -1.83, -1.83, 4124.42276, 00212.07872, 3.4, 1
2020-10-09, 13:13:22, 436000000, 436050000, 6250.00, 329840, -3.85, -4.95, -3.16, -2.23, -5.17, -5.17, -2.84, -2.15, -2.15, 4124.42277, 00212.07761, 3.5, 1
2020-10-09, 13:13:23, 436000000, 436050000, 6250.00, 331968, -3.51, -4.19, -3.71, -2.03, -4.27, -4.27, -2.17, -1.70, -1.70, 4124.42258, 00212.07730, 3.6, 1
2020-10-09, 13:13:24, 436000000, 436050000, 6250.00, 330904, -2.05, -2.88, -2.74, -1.06, -2.81, -2.81, -2.91, -1.63, -1.63, 4124.42253, 00212.07713, 3.6, 1
2020-10-09, 13:13:25, 436000000, 436050000, 6250.00, 327712, -2.51, -2.95, -3.28, -1.56, -2.96, -2.96, -1.66, -1.23, -1.23, 4124.42254, 00212.07715, 3.6, 1
2020-10-09, 13:13:26, 436000000, 436050000, 6250.00, 324520, -2.91, -3.58, -3.77, -1.06, -3.42, -3.42, -2.18, -1.84, -1.84, 4124.42254, 00212.07715, 3.6, 1
2020-10-09, 13:13:27, 436000000, 436050000, 6250.00, 329840, -2.99, -3.75, -2.80, -1.73, -3.95, -3.95, -2.48, -1.91, -1.91, 4124.42254, 00212.07715, 3.6, 1
2020-10-09, 13:13:28, 436000000, 436050000, 6250.00, 322392, -2.66, -3.09, -2.37, -2.47, -3.11, -3.11, -2.53, -2.76, -2.76, 4124.42252, 00212.07764, 3.6, 1
2020-10-09, 13:13:29, 436000000, 436050000, 6250.00, 330904, -2.06, -3.11, -2.16, -2.46, -3.27, -3.27, -2.03, -1.56, -1.56, 4124.42250, 00212.07801, 3.6, 1
2020-10-09, 13:13:30, 436000000, 436050000, 6250.00, 327712, -2.93, -3.75, -3.72, -0.57, -3.58, -3.58, -3.16, -2.42, -2.42, 4124.42250, 00212.07801, 3.6, 1
2020-10-09, 13:13:31, 436000000, 436050000, 6250.00, 321328, -1.85, -2.25, -1.41, -3.91, -2.13, -2.13, -2.67, -3.33, -3.33, 4124.42250, 00212.07801, 3.6, 1
2020-10-09, 13:13:32, 436000000, 436050000, 6250.00, 319200, -2.89, -2.93, -2.48, -3.88, -3.18, -3.18, -2.59, -1.95, -1.95, 4124.42234, 00212.07715, 3.6, 1
2020-10-09, 13:13:33, 436000000, 436050000, 6250.00, 324520, -1.89, -2.41, -2.14, -2.36, -2.17, -2.17, -2.19, -0.79, -0.79, 4124.42220, 00212.07693, 3.6, 1
2020-10-09, 13:13:34, 436000000, 436050000, 6250.00, 328776, -2.31, -3.39, -2.77, -0.95, -3.06, -3.06, -2.85, -1.67, -1.67, 4124.42220, 00212.07713, 3.6, 1
2020-10-09, 13:13:35, 436000000, 436050000, 6250.00, 328776, -1.78, -2.23, -2.00, -2.86, -2.78, -2.78, -2.68, -2.23, -2.23, 4124.42194, 00212.07704, 3.6, 1
2020-10-09, 13:13:36, 436000000, 436050000, 6250.00, 327712, -2.46, -2.79, -2.52, -1.21, -2.85, -2.85, -2.93, -1.63, -1.63, 4124.42184, 00212.07720, 3.7, 1
2020-10-09, 13:13:37, 436000000, 436050000, 6250.00, 321328, -2.81, -3.41, -2.47, -2.34, -3.26, -3.26, -2.44, -2.43, -2.43, 4124.42184, 00212.07720, 3.7, 1
2020-10-09, 13:13:38, 436000000, 436050000, 6250.00, 334096, -2.33, -2.76, -2.77, -2.79, -2.22, -2.22, -2.69, -2.96, -2.96, 4124.42221, 00212.07778, 3.6, 1
2020-10-09, 13:13:39, 436000000, 436050000, 6250.00, 338352, -2.83, -3.32, -2.99, -1.25, -3.38, -3.38, -2.54, -2.12, -2.12, 4124.42225, 00212.07797, 3.7, 1
2020-10-09, 13:13:40, 436000000, 436050000, 6250.00, 353248, -2.52, -3.38, -3.22, -2.34, -3.20, -3.20, -2.63, -1.83, -1.83, 4124.42233, 00212.07836, 3.8, 1
2020-10-09, 13:13:41, 436000000, 436050000, 6250.00, 331968, -3.22, -3.19, -2.96, -1.63, -3.21, -3.21, -2.84, -1.59, -1.59, 4124.42250, 00212.07913, 3.8, 1
2020-10-09, 13:13:42, 436000000, 436050000, 6250.00, 339416, -3.35, -3.66, -2.97, -1.17, -4.00, -4.00, -3.18, -1.76, -1.76, 4124.42259, 00212.07955, 3.7, 1
2020-10-09, 13:13:43, 436000000, 436050000, 6250.00, 335160, -3.61, -4.15, -3.76, -0.22, -4.41, -4.41, -3.55, -2.76, -2.76, 4124.42261, 00212.07966, 3.8, 1
2020-10-09, 13:13:44, 436000000, 436050000, 6250.00, 334096, -2.92, -2.81, -2.42, -2.01, -2.96, -2.96, -2.54, -1.04, -1.04, 4124.42263, 00212.07974, 3.7, 1
2020-10-09, 13:13:45, 436000000, 436050000, 6250.00, 331968, -3.23, -3.77, -2.98, -0.68, -3.91, -3.91, -3.38, -1.88, -1.88, 4124.42273, 00212.08023, 3.7, 1
2020-10-09, 13:13:46, 436000000, 436050000, 6250.00, 322392, -4.16, -3.85, -2.69, -0.68, -5.00, -5.00, -4.20, -1.75, -1.75, 4124.42273, 00212.08023, 3.7, 1
2020-10-09, 13:13:47, 436000000, 436050000, 6250.00, 328776, -2.96, -2.25, -1.77, -2.45, -2.69, -2.69, -2.61, -0.85, -0.85, 4124.42273, 00212.08023, 3.7, 1
2020-10-09, 13:13:48, 436000000, 436050000, 6250.00, 328776, -3.03, -3.21, -2.88, -2.89, -3.37, -3.37, -2.71, -1.83, -1.83, 4124.42273, 00212.08023, 3.7, 1
2020-10-09, 13:13:49, 436000000, 436050000, 6250.00, 326648, -3.43, -3.51, -3.52, -4.07, -3.23, -3.23, -3.76, -4.02, -4.02, 4124.42282, 00212.08063, 3.5, 1
2020-10-09, 13:13:50, 436000000, 436050000, 6250.00, 329840, -2.48, -3.43, -2.78, -2.33, -3.13, -3.13, -2.68, -2.64, -2.64, 4124.42287, 00212.08087, 3.6, 1
2020-10-09, 13:13:51, 436000000, 436050000, 6250.00, 334096, -2.60, -2.27, -2.52, -2.83, -2.11, -2.11, -2.57, -2.70, -2.70, 4124.42288, 00212.08095, 3.6, 1
2020-10-09, 13:13:52, 436000000, 436050000, 6250.00, 322392, -2.56, -2.34, -2.74, -2.81, -2.23, -2.23, -2.68, -2.97, -2.97, 4124.42266, 00212.07989, 3.6, 1
2020-10-09, 13:13:53, 436000000, 436050000, 6250.00, 331968, -2.58, -2.26, -2.62, -3.04, -2.29, -2.29, -2.62, -3.09, -3.09, 4124.42241, 00212.07698, 4.0, 1
2020-10-09, 13:13:54, 436000000, 436050000, 6250.00, 325584, -2.64, -2.28, -2.57, -2.95, -2.12, -2.12, -2.50, -3.08, -3.08, 4124.42163, 00212.07266, 4.2, 1
2020-10-09, 13:13:55, 436000000, 436050000, 6250.00, 318136, -2.79, -2.23, -2.58, -3.01, -1.88, -1.88, -2.62, -3.18, -3.18, 4124.42049, 00212.06707, 4.2, 1
2020-10-09, 13:13:56, 436000000, 436050000, 6250.00, 324520, -2.54, -2.70, -2.52, -2.54, -2.74, -2.74, -2.64, -2.42, -2.42, 4124.41908, 00212.06055, 4.4, 1
2020-10-09, 13:13:57, 436000000, 436050000, 6250.00, 327712, -2.56, -2.70, -2.57, -2.56, -2.61, -2.61, -2.57, -2.67, -2.67, 4124.41736, 00212.05260, 4.3, 1
2020-10-09, 13:13:58, 436000000, 436050000, 6250.00, 331968, -2.48, -2.55, -2.46, -2.52, -2.57, -2.57, -2.60, -2.51, -2.51, 4124.41548, 00212.04407, 4.3, 1
2020-10-09, 13:13:59, 436000000, 436050000, 6250.00, 325584, -2.44, -2.49, -2.62, -2.64, -2.58, -2.58, -2.59, -2.66, -2.66, 4124.41339, 00212.03510, 4.3, 1
2020-10-09, 13:14:00, 436000000, 436050000, 6250.00, 331968, -2.64, -2.74, -2.55, -2.45, -2.66, -2.66, -2.55, -2.48, -2.48, 4124.41150, 00212.02574, 4.4, 1
2020-10-09, 13:14:01, 436000000, 436050000, 6250.00, 330904, -2.51, -2.46, -2.70, -2.66, -2.47, -2.47, -2.54, -2.68, -2.68, 4124.40911, 00212.01558, 4.8, 1
2020-10-09, 13:14:02, 436000000, 436050000, 6250.00, 323456, -2.71, -2.61, -2.61, -2.55, -2.68, -2.68, -2.54, -2.50, -2.50, 4124.40622, 00212.00446, 4.9, 1
2020-10-09, 13:14:03, 436000000, 436050000, 6250.00, 327712, -2.61, -2.66, -2.71, -2.52, -2.63, -2.63, -2.57, -2.47, -2.47, 4124.40302, 00211.99290, 5.1, 1
2020-10-09, 13:14:04, 436000000, 436050000, 6250.00, 329840, -2.49, -2.60, -2.58, -2.67, -2.59, -2.59, -2.66, -2.80, -2.80, 4124.39984, 00211.98139, 5.4, 1
2020-10-09, 13:14:05, 436000000, 436050000, 6250.00, 331968, -2.55, -2.72, -2.58, -2.55, -2.67, -2.67, -2.60, -2.54, -2.54, 4124.39678, 00211.97032, 5.0, 1
2020-10-09, 13:14:06, 436000000, 436050000, 6250.00, 327712, -2.69, -2.67, -2.68, -2.45, -2.55, -2.55, -2.59, -2.62, -2.62, 4124.39373, 00211.95898, 4.8, 1
2020-10-09, 13:14:07, 436000000, 436050000, 6250.00, 324520, -2.63, -2.81, -2.64, -2.50, -2.72, -2.72, -2.65, -2.49, -2.49, 4124.39054, 00211.94781, 4.8, 1
2020-10-09, 13:14:08, 436000000, 436050000, 6250.00, 331968, -2.61, -2.62, -2.66, -2.42, -2.71, -2.71, -2.72, -2.50, -2.50, 4124.38749, 00211.93678, 4.4, 1
2020-10-09, 13:14:09, 436000000, 436050000, 6250.00, 328776, -2.58, -2.62, -2.61, -2.61, -2.52, -2.52, -2.53, -2.45, -2.45, 4124.38447, 00211.92561, 4.4, 1
2020-10-09, 13:14:10, 436000000, 436050000, 6250.00, 327712, -2.44, -2.64, -2.46, -2.66, -2.55, -2.55, -2.55, -2.51, -2.51, 4124.38127, 00211.91395, 4.3, 1
2020-10-09, 13:14:11, 436000000, 436050000, 6250.00, 331968, -2.60, -2.62, -2.58, -2.68, -2.50, -2.50, -2.45, -2.57, -2.57, 4124.37809, 00211.90266, 4.4, 1
2020-10-09, 13:14:12, 436000000, 436050000, 6250.00, 331968, -2.59, -2.66, -2.56, -2.48, -2.51, -2.51, -2.62, -2.43, -2.43, 4124.37617, 00211.89058, 4.3, 1
2020-10-09, 13:14:13, 436000000, 436050000, 6250.00, 333032, -2.65, -2.63, -2.77, -2.66, -2.49, -2.49, -2.45, -2.61, -2.61, 4124.37350, 00211.87937, 4.2, 1
2020-10-09, 13:14:14, 436000000, 436050000, 6250.00, 335160, -2.73, -2.76, -2.71, -2.63, -2.65, -2.65, -2.46, -2.72, -2.72, 4124.37085, 00211.86925, 4.1, 1
2020-10-09, 13:14:15, 436000000, 436050000, 6250.00, 333032, -2.72, -2.70, -2.73, -2.65, -2.52, -2.52, -2.49, -2.69, -2.69, 4124.36765, 00211.86033, 3.3, 1
2020-10-09, 13:14:16, 436000000, 436050000, 6250.00, 327712, -2.62, -2.66, -2.75, -2.58, -2.61, -2.61, -2.51, -2.55, -2.55, 4124.36549, 00211.85203, 3.0, 1
2020-10-09, 13:14:17, 436000000, 436050000, 6250.00, 324520, -2.72, -2.74, -2.69, -2.66, -2.52, -2.52, -2.58, -2.55, -2.55, 4124.36283, 00211.84411, 2.5, 1
2020-10-09, 13:14:18, 436000000, 436050000, 6250.00, 323456, -2.72, -2.56, -2.65, -2.65, -2.58, -2.58, -2.55, -2.58, -2.58, 4124.36127, 00211.83684, 1.7, 1
2020-10-09, 13:14:19, 436000000, 436050000, 6250.00, 326648, -2.56, -2.63, -2.72, -2.61, -2.60, -2.60, -2.56, -2.57, -2.57, 4124.35998, 00211.83033, 1.6, 1
2020-10-09, 13:14:20, 436000000, 436050000, 6250.00, 326648, -2.56, -2.63, -2.66, -2.65, -2.51, -2.51, -2.57, -2.67, -2.67, 4124.35848, 00211.82381, 1.4, 1
2020-10-09, 13:14:21, 436000000, 436050000, 6250.00, 334096, -2.75, -2.50, -2.65, -2.68, -2.59, -2.59, -2.65, -2.83, -2.83, 4124.35671, 00211.81730, 1.6, 1
2020-10-09, 13:14:22, 436000000, 436050000, 6250.00, 324520, -2.78, -2.61, -2.79, -2.70, -2.49, -2.49, -2.63, -2.72, -2.72, 4124.35499, 00211.81012, 1.8, 1
2020-10-09, 13:14:23, 436000000, 436050000, 6250.00, 327712, -2.62, -2.59, -2.73, -2.61, -2.60, -2.60, -2.61, -2.54, -2.54, 4124.35289, 00211.80296, 2.2, 1
2020-10-09, 13:14:24, 436000000, 436050000, 6250.00, 328776, -2.81, -2.56, -2.72, -2.62, -2.58, -2.58, -2.47, -2.74, -2.74, 4124.35120, 00211.79547, 2.0, 1
2020-10-09, 13:14:25, 436000000, 436050000, 6250.00, 322392, -2.68, -2.52, -2.67, -2.65, -2.42, -2.42, -2.54, -2.59, -2.59, 4124.35029, 00211.78819, 1.7, 1
2020-10-09, 13:14:26, 436000000, 436050000, 6250.00, 327712, -2.86, -2.64, -2.66, -2.62, -2.48, -2.48, -2.53, -2.59, -2.59, 4124.34878, 00211.78298, 1.4, 1
2020-10-09, 13:14:27, 436000000, 436050000, 6250.00, 336224, -2.60, -2.64, -2.66, -2.62, -2.60, -2.60, -2.68, -2.60, -2.60, 4124.34742, 00211.77836, 1.4, 1
2020-10-09, 13:14:28, 436000000, 436050000, 6250.00, 326648, -2.71, -2.67, -2.61, -2.62, -2.53, -2.53, -2.65, -2.68, -2.68, 4124.34683, 00211.77636, 1.4, 1
2020-10-09, 13:14:29, 436000000, 436050000, 6250.00, 321328, -2.54, -2.64, -2.64, -2.49, -2.59, -2.59, -2.50, -2.61, -2.61, 4124.34697, 00211.77683, 1.8, 1
2020-10-09, 13:14:30, 436000000, 436050000, 6250.00, 326648, -2.91, -2.59, -2.70, -2.63, -2.63, -2.63, -2.54, -2.77, -2.77, 4124.34798, 00211.77701, 1.9, 1
2020-10-09, 13:14:31, 436000000, 436050000, 6250.00, 325584, -2.85, -2.58, -2.76, -2.56, -2.71, -2.71, -2.50, -2.73, -2.73, 4124.34768, 00211.77736, 1.9, 1
2020-10-09, 13:14:32, 436000000, 436050000, 6250.00, 324520, -2.59, -2.59, -2.51, -2.38, -2.62, -2.62, -2.55, -2.50, -2.50, 4124.34746, 00211.77751, 2.1, 1
2020-10-09, 13:14:33, 436000000, 436050000, 6250.00, 325584, -2.72, -2.54, -2.74, -2.72, -2.63, -2.63, -2.50, -2.60, -2.60, 4124.34715, 00211.77720, 2.2, 1
2020-10-09, 13:14:34, 436000000, 436050000, 6250.00, 333032, -3.43, -2.56, -3.15, -2.62, -2.74, -2.74, -2.34, -3.02, -3.02, 4124.34685, 00211.77671, 2.6, 1
2020-10-09, 13:14:35, 436000000, 436050000, 6250.00, 330904, -2.83, -2.66, -2.80, -2.72, -2.66, -2.66, -2.52, -2.78, -2.78, 4124.34699, 00211.77663, 2.7, 1
2020-10-09, 13:14:36, 436000000, 436050000, 6250.00, 325584, -2.47, -2.73, -2.53, -2.55, -2.65, -2.65, -2.62, -2.56, -2.56, 4124.34711, 00211.77660, 2.9, 1
2020-10-09, 13:14:37, 436000000, 436050000, 6250.00, 330904, -2.42, -2.54, -2.49, -2.65, -2.62, -2.62, -2.45, -2.26, -2.26, 4124.34681, 00211.77641, 3.0, 1
2020-10-09, 13:14:38, 436000000, 436050000, 6250.00, 334096, -2.45, -2.54, -2.52, -2.73, -2.58, -2.58, -2.42, -2.36, -2.36, 4124.34660, 00211.77619, 3.1, 1
2020-10-09, 13:14:39, 436000000, 436050000, 6250.00, 342608, -2.48, -2.62, -2.55, -2.60, -2.47, -2.47, -2.51, -2.51, -2.51, 4124.34650, 00211.77583, 3.1, 1
2020-10-09, 13:14:40, 436000000, 436050000, 6250.00, 322392, -2.54, -2.65, -2.63, -2.40, -2.62, -2.62, -2.53, -2.47, -2.47, 4124.34622, 00211.77618, 3.2, 1
2020-10-09, 13:14:41, 436000000, 436050000, 6250.00, 328776, -2.52, -2.68, -2.62, -2.55, -2.69, -2.69, -2.53, -2.48, -2.48, 4124.34614, 00211.77618, 3.3, 1
2020-10-09, 13:14:42, 436000000, 436050000, 6250.00, 337288, -2.49, -2.62, -2.57, -2.59, -2.53, -2.53, -2.31, -2.20, -2.20, 4124.34614, 00211.77618, 3.3, 1
2020-10-09, 13:14:43, 436000000, 436050000, 6250.00, 339416, -2.57, -2.67, -2.61, -2.66, -2.66, -2.66, -2.47, -2.52, -2.52, 4124.34677, 00211.77567, 3.4, 1
2020-10-09, 13:14:44, 436000000, 436050000, 6250.00, 330904, -2.88, -2.72, -2.98, -2.63, -2.63, -2.63, -2.39, -2.68, -2.68, 4124.34699, 00211.77513, 3.4, 1
2020-10-09, 13:14:45, 436000000, 436050000, 6250.00, 327712, -2.87, -2.64, -2.81, -2.70, -2.58, -2.58, -2.56, -2.57, -2.57, 4124.34745, 00211.77502, 3.3, 1
2020-10-09, 13:14:46, 436000000, 436050000, 6250.00, 324520, -2.88, -2.76, -2.79, -2.59, -2.79, -2.79, -2.63, -2.78, -2.78, 4124.34647, 00211.77512, 3.4, 1
2020-10-09, 13:14:47, 436000000, 436050000, 6250.00, 331968, -2.52, -2.64, -2.62, -2.56, -2.49, -2.49, -2.51, -2.54, -2.54, 4124.34658, 00211.77552, 3.5, 1
2020-10-09, 13:14:48, 436000000, 436050000, 6250.00, 327712, -2.56, -2.52, -2.57, -2.61, -2.56, -2.56, -2.49, -2.50, -2.50, 4124.34657, 00211.77549, 3.5, 1
2020-10-09, 13:14:49, 436000000, 436050000, 6250.00, 333032, -2.43, -2.56, -2.53, -2.65, -2.54, -2.54, -2.54, -2.53, -2.53, 4124.34662, 00211.77563, 3.7, 1
2020-10-09, 13:14:50, 436000000, 436050000, 6250.00, 322392, -2.54, -2.60, -2.62, -2.59, -2.65, -2.65, -2.58, -2.57, -2.57, 4124.34656, 00211.77542, 3.7, 1
2020-10-09, 13:14:51, 436000000, 436050000, 6250.00, 327712, -2.62, -2.60, -2.48, -2.59, -2.54, -2.54, -2.61, -2.54, -2.54, 4124.34661, 00211.77561, 3.8, 1
2020-10-09, 13:14:52, 436000000, 436050000, 6250.00, 327712, -2.89, -2.64, -2.82, -2.61, -2.65, -2.65, -2.71, -2.84, -2.84, 4124.34679, 00211.77623, 3.8, 1
2020-10-09, 13:14:53, 436000000, 436050000, 6250.00, 324520, -2.78, -2.67, -2.65, -2.65, -2.62, -2.62, -2.74, -2.83, -2.83, 4124.34683, 00211.77637, 3.9, 1
2020-10-09, 13:14:54, 436000000, 436050000, 6250.00, 320264, -2.85, -2.59, -2.69, -2.64, -2.67, -2.67, -2.66, -2.82, -2.82, 4124.34684, 00211.77640, 3.9, 1
2020-10-09, 13:14:55, 436000000, 436050000, 6250.00, 327712, -2.51, -2.55, -2.64, -2.70, -2.62, -2.62, -2.43, -2.39, -2.39, 4124.34678, 00211.77617, 4.0, 1
2020-10-09, 13:14:56, 436000000, 436050000, 6250.00, 323456, -2.58, -2.54, -2.80, -2.75, -2.40, -2.40, -2.39, -2.62, -2.62, 4124.34674, 00211.77607, 4.0, 1
2020-10-09, 13:14:57, 436000000, 436050000, 6250.00, 331968, -2.97, -2.66, -2.94, -2.72, -2.56, -2.56, -2.64, -2.82, -2.82, 4124.34664, 00211.77573, 4.0, 1
2020-10-09, 13:14:58, 436000000, 436050000, 6250.00, 328776, -2.60, -2.61, -2.73, -2.44, -2.65, -2.65, -2.49, -2.52, -2.52, 4124.34665, 00211.77574, 4.1, 1
2020-10-09, 13:14:59, 436000000, 436050000, 6250.00, 328776, -2.78, -2.73, -2.80, -2.70, -2.54, -2.54, -2.50, -2.59, -2.59, 4124.34665, 00211.77574, 4.1, 1
2020-10-09, 13:15:00, 436000000, 436050000, 6250.00, 325584, -3.08, -2.66, -3.00, -2.56, -2.66, -2.66, -2.74, -3.02, -3.02, 4124.34659, 00211.77553, 4.0, 1
2020-10-09, 13:15:01, 436000000, 436050000, 6250.00, 325584, -3.04, -2.57, -2.81, -2.58, -2.75, -2.75, -2.78, -2.93, -2.93, 4124.34652, 00211.77532, 4.0, 1
2020-10-09, 13:15:02, 436000000, 436050000, 6250.00, 324520, -3.12, -2.66, -2.87, -2.72, -2.61, -2.61, -2.46, -2.83, -2.83, 4124.34649, 00211.77521, 4.0, 1
2020-10-09, 13:15:03, 436000000, 436050000, 6250.00, 323456, -3.29, -2.57, -3.05, -2.61, -2.79, -2.79, -2.44, -3.08, -3.08, 4124.34649, 00211.77520, 4.0, 1
2020-10-09, 13:15:04, 436000000, 436050000, 6250.00, 325584, -3.30, -2.55, -3.15, -2.64, -2.61, -2.61, -2.40, -3.10, -3.10, 4124.34653, 00211.77535, 4.0, 1
2020-10-09, 13:15:05, 436000000, 436050000, 6250.00, 329840, -3.15, -2.68, -2.92, -2.49, -2.81, -2.81, -2.73, -3.09, -3.09, 4124.34653, 00211.77533, 4.1, 1
2020-10-09, 13:15:06, 436000000, 436050000, 6250.00, 328776, -2.76, -2.46, -2.82, -2.73, -2.65, -2.65, -2.21, -2.64, -2.64, 4124.34663, 00211.77567, 4.1, 1
2020-10-09, 13:15:07, 436000000, 436050000, 6250.00, 325584, -2.82, -2.50, -2.78, -2.66, -2.67, -2.67, -2.25, -2.63, -2.63, 4124.34665, 00211.77575, 4.1, 1
2020-10-09, 13:15:08, 436000000, 436050000, 6250.00, 328776, -2.48, -2.79, -2.59, -2.42, -2.70, -2.70, -2.73, -2.46, -2.46, 4124.34668, 00211.77584, 4.1, 1
2020-10-09, 13:15:09, 436000000, 436050000, 6250.00, 320264, -2.62, -2.73, -2.64, -2.42, -2.69, -2.69, -2.48, -2.42, -2.42, 4124.34673, 00211.77604, 4.1, 1
2020-10-09, 13:15:10, 436000000, 436050000, 6250.00, 330904, -2.86, -2.45, -2.79, -2.60, -2.60, -2.60, -2.46, -2.67, -2.67, 4124.34667, 00211.77580, 4.0, 1
2020-10-09, 13:15:11, 436000000, 436050000, 6250.00, 327712, -2.93, -2.25, -2.68, -2.68, -2.43, -2.43, -2.61, -2.73, -2.73, 4124.34621, 00211.77258, 4.0, 1
2020-10-09, 13:15:12, 436000000, 436050000, 6250.00, 329840, -2.79, -2.38, -2.68, -2.71, -2.45, -2.45, -2.56, -2.59, -2.59, 4124.34553, 00211.76971, 4.0, 1
2020-10-09, 13:15:23, 436000000, 436050000, 6250.00, 326648, -2.59, -2.18, -2.54, -2.85, -2.15, -2.15, -2.70, -2.79, -2.79, 4124.32759, 00211.69839, 4.9, 1
2020-10-09, 13:15:24, 436000000, 436050000, 6250.00, 326648, -2.55, -2.17, -2.61, -2.78, -2.07, -2.07, -2.72, -2.78, -2.78, 4124.32529, 00211.68964, 5.3, 1
2020-10-09, 13:15:25, 436000000, 436050000, 6250.00, 335160, -2.59, -2.08, -2.54, -2.86, -1.96, -1.96, -2.72, -2.79, -2.79, 4124.32283, 00211.68114, 5.7, 1
2020-10-09, 13:15:26, 436000000, 436050000, 6250.00, 326648, -2.52, -2.22, -2.52, -2.86, -2.19, -2.19, -2.65, -2.79, -2.79, 4124.32043, 00211.67281, 5.7, 1
2020-10-09, 13:15:27, 436000000, 436050000, 6250.00, 329840, -2.49, -2.21, -2.47, -2.90, -2.19, -2.19, -2.67, -2.73, -2.73, 4124.31813, 00211.66480, 5.9, 1
2020-10-09, 13:15:28, 436000000, 436050000, 6250.00, 333032, -2.56, -2.42, -2.58, -2.72, -2.17, -2.17, -2.60, -2.67, -2.67, 4124.31607, 00211.65720, 5.8, 1
2020-10-09, 13:15:29, 436000000, 436050000, 6250.00, 331968, -2.52, -2.24, -2.63, -2.80, -2.22, -2.22, -2.67, -2.76, -2.76, 4124.31427, 00211.64993, 5.3, 1
2020-10-09, 13:15:30, 436000000, 436050000, 6250.00, 329840, -2.55, -2.27, -2.53, -2.70, -2.28, -2.28, -2.58, -2.67, -2.67, 4124.31237, 00211.64273, 5.0, 1
2020-10-09, 13:15:31, 436000000, 436050000, 6250.00, 333032, -2.59, -2.29, -2.58, -2.83, -2.21, -2.21, -2.69, -2.59, -2.59, 4124.31081, 00211.63706, 5.2, 1
2020-10-09, 13:15:32, 436000000, 436050000, 6250.00, 331968, -2.57, -2.21, -2.54, -2.85, -2.15, -2.15, -2.75, -2.75, -2.75, 4124.30957, 00211.63289, 4.8, 1
2020-10-09, 13:15:33, 436000000, 436050000, 6250.00, 333032, -2.54, -2.14, -2.68, -2.70, -2.11, -2.11, -2.67, -2.76, -2.76, 4124.30885, 00211.62989, 4.5, 1
